当前时刻	小车位置	摆杆偏角	触发标志	外部高斯	残差1	残差2	残差上界1	残差上界2	残差上界3	残差上界4	水印	
0.000000	-0.000221	-0.003491	1.000000	0.528710	-0.000221	-0.003491	0.000000	0.000000	0.000000	0.000006	-0.052521
0.009000	-0.000233	-0.003491	0.000000	-0.608616	-0.000216	-0.003480	0.001010	0.000000	0.000000	0.001016	0.257058
0.019000	-0.000233	0.002909	1.000000	0.763309	-0.000249	0.002882	0.000000	0.000000	0.000000	0.000006	-0.028860
0.029000	-0.000221	0.002909	0.000000	0.553211	-0.000256	0.002827	0.001010	0.000000	0.000000	0.001016	0.072423
0.040000	-0.000233	0.002909	0.000000	0.260038	-0.000272	0.002773	0.001010	0.000000	0.000000	0.001016	-0.023609
0.049000	-0.000221	0.006981	1.000000	0.119222	-0.000270	0.006800	0.000000	0.000000	0.000000	0.000006	0.185418
0.059000	-0.000221	0.006981	0.000000	-0.243630	-0.000232	0.006643	0.001010	0.000000	0.000000	0.001016	-0.073440
0.069000	-0.000233	0.006981	0.000000	-0.233376	-0.000227	0.006573	0.001010	0.000000	0.000000	0.001016	-0.024636
0.080000	-0.000233	0.006981	0.000000	-0.028876	-0.000213	0.006534	0.001010	0.000000	0.000000	0.001016	0.025975
0.089000	-0.000233	0.006981	0.000000	2.491592	-0.000197	0.006504	0.001011	0.000000	0.000000	0.001016	0.110826
0.099000	-0.000221	0.002909	1.000000	1.601145	-0.000188	0.002388	0.000001	0.000000	0.000000	0.000006	0.152044
0.109000	-0.000221	0.006981	1.000000	0.478545	-0.000060	0.006192	0.000000	0.000000	0.000000	0.000006	-0.097962
0.120000	-0.000221	0.006981	0.000000	-2.048887	0.000018	0.005510	0.001010	0.000000	0.000000	0.001016	-0.068183
0.130000	-0.000221	0.002909	1.000000	0.143624	0.000091	0.001383	0.000000	0.000000	0.000000	0.000006	-0.059080
0.139000	-0.000221	0.002909	0.000000	0.632102	0.000138	0.001181	0.001010	0.000000	0.000000	0.001017	0.059181
0.149000	-0.000233	0.002909	0.000000	-1.909853	0.000229	0.001187	0.001010	0.000000	0.000000	0.001017	0.019174
0.160000	-0.000233	0.002909	0.000000	0.372421	0.000329	0.001208	0.001011	0.000000	0.000000	0.001017	0.061771
0.170000	-0.000233	0.002909	0.000000	-1.140295	0.000432	0.001239	0.001011	0.000000	0.000000	0.001018	0.012547
0.179000	-0.000233	0.002909	0.000000	-1.566357	0.000543	0.001282	0.001011	0.000000	0.000000	0.001018	-0.022441
0.189000	-0.000245	0.002909	0.000000	-0.340618	0.000663	0.001348	0.001011	0.000000	0.000000	0.001019	0.042488
0.199000	-0.000270	0.002909	0.000000	0.539371	0.000786	0.001422	0.001011	0.000000	0.000000	0.001019	0.043893
0.210000	-0.000356	0.002909	0.000000	-1.503041	0.000910	0.001496	0.001011	0.000000	0.000000	0.001020	0.155805
0.219000	-0.000466	0.002909	0.000000	-0.907624	0.001023	0.001546	0.001012	0.000000	0.000000	0.001021	-0.104672
0.229000	-0.000577	0.002909	0.000000	-0.766397	0.001155	0.001617	0.001012	0.000000	0.000000	0.001022	-0.023353
0.239000	-0.000675	-0.003491	1.000000	-0.395314	0.000839	-0.004685	0.000002	0.000000	0.000000	0.000013	0.015785
0.250000	-0.000773	-0.003491	0.000000	-0.954115	0.000155	-0.001821	0.001011	0.000000	0.000000	0.001019	-0.094155
0.259000	-0.000871	0.000000	1.000000	1.690475	-0.000001	0.001895	0.000001	0.000000	0.000000	0.000010	0.077730
0.269000	-0.000945	0.004987	1.000000	0.506832	-0.000054	0.006172	0.000000	0.000000	0.000000	0.000008	0.075548
0.279000	-0.001018	0.004987	0.000000	-1.450753	-0.000008	0.004049	0.001010	0.000000	0.000000	0.001018	-0.007416
0.290000	-0.001079	0.010472	1.000000	-0.216309	-0.000109	0.009484	0.000000	0.000000	0.000000	0.000008	0.167155
0.299000	-0.001129	0.006981	1.000000	0.638696	-0.000052	0.002787	0.000000	0.000000	0.000000	0.000008	-0.005978
0.309000	-0.001190	0.006981	0.000000	-0.478795	0.000072	0.001849	0.001010	0.000000	0.000000	0.001017	0.029877
0.319000	-0.001263	0.007480	0.000000	-1.654021	0.000209	0.001746	0.001010	0.000000	0.000000	0.001018	0.142750
0.330000	-0.001362	0.004987	0.000000	0.682247	0.000364	0.001695	0.001011	0.000000	0.000000	0.001018	0.147140
0.339000	-0.001484	0.004987	0.000000	-1.911083	0.000534	0.001676	0.001011	0.000000	0.000000	0.001019	0.099792
0.349000	-0.001644	0.005818	0.000000	-0.427640	0.000723	0.001693	0.001011	0.000000	0.000000	0.001019	-0.054206
0.359000	-0.001815	0.005818	0.000000	1.333399	0.000944	0.001777	0.001011	0.000000	0.000000	0.001020	-0.032950
0.370000	-0.002036	0.010472	1.000000	0.279931	0.000282	0.005417	0.000001	0.000000	0.000000	0.000010	0.000977
0.380000	-0.002257	0.002909	1.000000	-0.759678	0.000110	-0.004596	0.000001	0.000000	0.000000	0.000009	0.123736
0.389000	-0.002502	0.002909	0.000000	0.478438	0.000320	-0.002779	0.001010	0.000000	0.000000	0.001018	-0.100677
0.399000	-0.002785	0.000000	0.000000	-0.736726	0.000612	-0.002511	0.001011	0.000000	0.000000	0.001018	-0.001368
0.410000	-0.003140	0.010472	1.000000	0.046076	0.000036	0.005362	0.000001	0.000000	0.000000	0.000009	0.191486
0.420000	-0.003459	0.010472	0.000000	-1.102523	0.000332	0.003599	0.001010	0.000000	0.000000	0.001018	0.107980
0.429000	-0.003815	0.014544	1.000000	-0.730471	-0.000010	0.007864	0.000001	0.000000	0.000000	0.000008	-0.012487
0.439000	-0.004171	0.005818	1.000000	0.316328	0.000025	-0.003372	0.000000	0.000000	0.000000	0.000008	0.124019
0.449000	-0.004539	0.005818	0.000000	-0.487644	0.000422	-0.002187	0.001010	0.000000	0.000000	0.001018	-0.046727
0.460000	-0.004968	0.000000	1.000000	-0.104545	0.000067	-0.007684	0.000000	0.000000	0.000000	0.000008	0.134064
0.469000	-0.005373	0.006981	1.000000	0.013899	0.000065	0.001926	0.000000	0.000000	0.000000	0.000007	-0.122074
0.479000	-0.005790	0.006981	0.000000	-0.626691	0.000492	0.001925	0.001010	0.000000	0.000000	0.001017	0.154014
0.489000	-0.006244	0.010472	1.000000	0.523416	0.000063	0.005875	0.000000	0.000000	0.000000	0.000008	-0.167830
0.500000	-0.006771	0.000000	1.000000	1.110627	-0.000014	-0.005709	0.000000	0.000000	0.000000	0.000007	0.079109
0.509000	-0.007262	0.000000	0.000000	-0.198681	0.000463	-0.003872	0.001010	0.000000	0.000000	0.001017	0.178470
0.519000	-0.007777	0.004987	1.000000	-0.313526	-0.000086	0.001588	0.000000	0.000000	0.000000	0.000007	-0.089411
0.529000	-0.008305	0.004987	0.000000	2.100962	0.000429	0.001640	0.001010	0.000000	0.000000	0.001017	0.021932
0.540000	-0.008906	0.000000	1.000000	-0.917517	-0.000218	-0.002892	0.000000	0.000000	0.000000	0.000008	-0.017124
0.549000	-0.009445	0.006981	1.000000	-2.022387	-0.000167	0.005350	0.000000	0.000000	0.000000	0.000007	0.065062
0.559000	-0.009961	0.006981	0.000000	-2.275925	0.000402	0.004499	0.001010	0.000000	0.000000	0.001017	-0.051474
0.569000	-0.010451	-0.003491	1.000000	-0.459681	-0.000084	-0.005557	0.000000	0.000000	0.000000	0.000007	0.087098
0.580000	-0.011003	0.000000	1.000000	-1.719550	-0.000094	-0.000166	0.000000	0.000000	0.000000	0.000007	-0.033093
0.589000	-0.011518	0.000000	0.000000	0.452851	0.000448	0.000360	0.001010	0.000000	0.000000	0.001017	0.160999
0.599000	-0.012021	0.000000	0.000000	0.612788	0.000931	0.000795	0.001010	0.000000	0.000000	0.001018	-0.071291
0.609000	-0.012537	0.000000	0.000000	-0.338521	0.001415	0.001210	0.001011	0.000000	0.000000	0.001018	0.112277
0.620000	-0.013101	0.000000	0.000000	0.996067	0.001880	0.001590	0.001011	0.000000	0.000000	0.001018	0.000230
0.630000	-0.013616	0.000000	0.000000	-0.604115	0.002339	0.001942	0.001011	0.000000	0.000000	0.001019	0.009756
0.639000	-0.014119	0.000000	0.000000	-1.387060	0.002790	0.002276	0.001011	0.000000	0.000000	0.001020	0.014203
0.649000	-0.014597	0.000000	1.000000	0.387677	-0.000363	0.002590	0.000001	0.000000	0.000000	0.000010	0.104916
0.660000	-0.015100	-0.004987	1.000000	-1.097909	-0.000127	-0.003324	0.000001	0.000000	0.000000	0.000008	0.057271
0.670000	-0.015530	-0.004987	0.000000	0.306920	0.000400	-0.001902	0.001010	0.000000	0.000000	0.001018	-0.049242
0.679000	-0.015971	0.000000	1.000000	0.384917	-0.000006	0.003377	0.000000	0.000000	0.000000	0.000008	-0.016226
0.689000	-0.016401	0.000000	0.000000	-0.955872	0.000468	0.002517	0.001010	0.000000	0.000000	0.001018	-0.124922
0.699000	-0.016830	0.000000	0.000000	0.426740	0.000953	0.002776	0.001010	0.000000	0.000000	0.001018	-0.065862
0.710000	-0.017308	-0.003491	1.000000	0.515378	0.000105	-0.000426	0.000001	0.000000	0.000000	0.000009	0.082912
0.719000	-0.017762	-0.003491	0.000000	1.469069	0.000518	0.000013	0.001010	0.000000	0.000000	0.001018	0.059566
0.729000	-0.018253	-0.004987	0.000000	-0.622464	0.000974	0.000277	0.001011	0.000000	0.000000	0.001018	-0.043294
0.739000	-0.018731	0.000000	1.000000	0.394327	0.000007	0.004030	0.000001	0.000000	0.000000	0.000009	0.034245
0.750000	-0.019246	0.000000	0.000000	-0.313035	0.000461	0.002737	0.001010	0.000000	0.000000	0.001018	-0.023569
0.759000	-0.019700	0.000000	0.000000	-0.301214	0.000928	0.002924	0.001011	0.000000	0.000000	0.001019	0.003300
0.769000	-0.020130	-0.008727	1.000000	-0.117269	-0.000002	-0.005596	0.000001	0.000000	0.000000	0.000009	-0.099570
0.779000	-0.020547	-0.008727	0.000000	0.811510	0.000460	-0.003141	0.001010	0.000000	0.000000	0.001018	0.109955
0.790000	-0.021013	0.000000	1.000000	-0.782656	0.000007	0.005913	0.000001	0.000000	0.000000	0.000008	0.007979
0.799000	-0.021430	0.000000	0.000000	-1.376824	0.000435	0.004061	0.001010	0.000000	0.000000	0.001018	-0.029231
0.809000	-0.021835	0.000000	0.000000	-1.087448	0.000870	0.004226	0.001011	0.000000	0.000000	0.001018	0.101780
0.819000	-0.022252	0.000000	0.000000	-1.505035	0.001294	0.004382	0.001011	0.000000	0.000000	0.001019	-0.035611
0.830000	-0.022706	-0.011636	1.000000	1.029571	0.000028	-0.007093	0.000001	0.000000	0.000000	0.000009	0.246084
0.839000	-0.023123	-0.011636	0.000000	-1.056759	0.000382	-0.003978	0.001010	0.000000	0.000000	0.001018	0.040018
0.849000	-0.023552	-0.004987	1.000000	0.554055	-0.000119	0.002900	0.000001	0.000000	0.000000	0.000009	0.000495
0.859000	-0.023957	-0.004987	0.000000	0.469107	0.000285	0.001991	0.001010	0.000000	0.000000	0.001018	0.021618
0.870000	-0.024374	0.000000	1.000000	-0.556874	-0.000206	0.007075	0.000001	0.000000	0.000000	0.000008	-0.105247
0.880000	-0.024730	0.000000	0.000000	0.036597	0.000258	0.004733	0.001010	0.000000	0.000000	0.001018	-0.000313
0.889000	-0.025049	0.000000	0.000000	0.245435	0.000632	0.004749	0.001011	0.000000	0.000000	0.001018	-0.078920
0.899000	-0.025355	-0.004987	1.000000	-0.134907	0.000038	-0.000177	0.000001	0.000000	0.000000	0.000009	-0.087869
0.910000	-0.025711	0.000000	1.000000	-0.314457	0.000056	0.004997	0.000000	0.000000	0.000000	0.000008	0.059096
0.920000	-0.026042	0.000000	0.000000	0.724924	0.000430	0.003598	0.001010	0.000000	0.000000	0.001018	-0.073471
0.929000	-0.026373	0.000000	0.000000	-1.319658	0.000843	0.003688	0.001010	0.000000	0.000000	0.001018	-0.039534
0.939000	-0.026729	0.000000	0.000000	1.328352	0.001267	0.003824	0.001011	0.000000	0.000000	0.001018	0.163353
0.949000	-0.027097	0.000000	0.000000	-1.669607	0.001676	0.003951	0.001011	0.000000	0.000000	0.001019	-0.240105
0.960000	-0.027514	0.000000	0.000000	1.697064	0.002114	0.004129	0.001011	0.000000	0.000000	0.001020	0.123229
0.969000	-0.027894	0.000000	0.000000	0.247362	0.002537	0.004315	0.001011	0.000000	0.000000	0.001020	0.026692
0.979000	-0.028311	0.000000	0.000000	1.434332	0.002955	0.004488	0.001011	0.000000	0.000000	0.001021	0.081015
0.989000	-0.028741	0.000000	0.000000	-1.990353	0.003363	0.004645	0.001011	0.000000	0.000000	0.001022	0.104808
1.000000	-0.029207	0.000000	1.000000	0.583327	0.000262	0.004775	0.000002	0.000000	0.000000	0.000013	-0.077414
1.009000	-0.029624	0.000000	0.000000	0.889196	0.000452	0.002105	0.001011	0.000000	0.000000	0.001019	0.012102
1.019000	-0.030004	0.000000	0.000000	-0.713496	0.000874	0.002188	0.001011	0.000000	0.000000	0.001020	-0.058980
1.029000	-0.030372	0.000000	0.000000	1.583176	0.001316	0.002329	0.001011	0.000000	0.000000	0.001021	0.083522
1.040000	-0.030802	0.000000	0.000000	-1.800142	0.001759	0.002496	0.001011	0.000000	0.000000	0.001022	0.102430
1.049000	-0.031206	0.000000	0.000000	-0.837030	0.002198	0.002662	0.001011	0.000000	0.000000	0.001023	-0.001105
1.059000	-0.031611	0.000000	0.000000	0.671344	0.002645	0.002846	0.001011	0.000000	0.000000	0.001024	0.144244
1.069000	-0.032028	0.000000	0.000000	1.508542	0.003082	0.003022	0.001011	0.000000	0.000000	0.001025	0.095017
1.080000	-0.032494	0.000000	1.000000	-0.409270	0.000227	0.003183	0.000002	0.000000	0.000000	0.000016	0.035520
1.089000	-0.032936	0.000000	0.000000	1.048006	0.000475	0.001185	0.001011	0.000000	0.000000	0.001020	0.021670
1.099000	-0.033390	0.004987	1.000000	0.212930	0.000033	0.006310	0.000001	0.000000	0.000000	0.000010	0.076399
1.109000	-0.033856	0.004987	0.000000	0.675344	0.000499	0.003396	0.001010	0.000000	0.000000	0.001019	-0.180533
1.120000	-0.034396	0.000000	1.000000	-0.902322	0.000030	-0.001440	0.000001	0.000000	0.000000	0.000009	-0.053732
1.130000	-0.034899	0.000000	0.000000	0.450884	0.000578	-0.000585	0.001010	0.000000	0.000000	0.001018	0.064818
1.139000	-0.035426	0.000000	0.000000	-0.455895	0.001150	-0.000238	0.001011	0.000000	0.000000	0.001019	-0.090902
1.149000	-0.035978	0.000000	0.000000	1.094465	0.001743	0.000162	0.001011	0.000000	0.000000	0.001019	0.048218
1.160000	-0.036579	0.000000	0.000000	-2.124808	0.002340	0.000589	0.001011	0.000000	0.000000	0.001020	0.185161
1.170000	-0.037131	0.000000	0.000000	-1.647120	0.002924	0.000995	0.001011	0.000000	0.000000	0.001021	-0.074494
1.179000	-0.037720	0.000000	1.000000	0.114420	0.000196	0.001418	0.000001	0.000000	0.000000	0.000011	-0.326894
1.189000	-0.038321	0.000000	0.000000	-0.452955	0.000676	0.001192	0.001011	0.000000	0.000000	0.001019	-0.088908
1.199000	-0.038971	0.000000	0.000000	-0.874437	0.001307	0.001724	0.001011	0.000000	0.000000	0.001020	0.111819
1.210000	-0.039695	0.000000	0.000000	0.382345	0.001922	0.002237	0.001011	0.000000	0.000000	0.001020	0.063436
1.219000	-0.040345	0.000000	0.000000	0.296669	0.002527	0.002717	0.001011	0.000000	0.000000	0.001021	-0.013360
1.229000	-0.040983	0.000000	1.000000	0.128463	-0.000135	0.003184	0.000001	0.000000	0.000000	0.000012	0.148917
1.239000	-0.041596	0.000000	0.000000	0.491100	0.000570	0.001894	0.001011	0.000000	0.000000	0.001019	0.011805
1.250000	-0.042259	0.000000	0.000000	-1.313676	0.001186	0.002262	0.001011	0.000000	0.000000	0.001020	0.113630
1.259000	-0.042872	0.000000	0.000000	0.012394	0.001796	0.002630	0.001011	0.000000	0.000000	0.001020	-0.096974
1.269000	-0.043485	-0.004987	1.000000	-0.744695	-0.000082	-0.001960	0.000001	0.000000	0.000000	0.000011	-0.096914
1.279000	-0.044135	-0.004987	0.000000	0.098849	0.000606	-0.000495	0.001011	0.000000	0.000000	0.001019	0.081140
1.290000	-0.044884	0.000000	1.000000	-0.777512	-0.000177	0.004978	0.000001	0.000000	0.000000	0.000009	0.032838
1.299000	-0.045534	0.000000	0.000000	-2.377073	0.000547	0.003346	0.001010	0.000000	0.000000	0.001018	-0.014675
1.309000	-0.046159	0.000000	0.000000	1.460258	0.001186	0.003714	0.001011	0.000000	0.000000	0.001019	-0.001587
1.319000	-0.046748	-0.008727	1.000000	-2.395868	-0.000037	-0.004624	0.000001	0.000000	0.000000	0.000009	0.018865
1.330000	-0.047411	0.000000	1.000000	0.330553	-0.000052	0.006411	0.000000	0.000000	0.000000	0.000008	0.193453
1.339000	-0.048024	0.000000	0.000000	-1.544063	0.000583	0.004752	0.001010	0.000000	0.000000	0.001018	0.156564
1.349000	-0.048662	0.000000	0.000000	0.249414	0.001183	0.005043	0.001010	0.000000	0.000000	0.001018	-0.080941
1.359000	-0.049300	-0.004987	1.000000	-0.026434	-0.000095	0.000371	0.000001	0.000000	0.000000	0.000008	0.112974
1.370000	-0.049987	-0.004987	0.000000	-0.021011	0.000562	0.000569	0.001010	0.000000	0.000000	0.001018	0.167770
1.380000	-0.050600	0.000000	1.000000	1.276896	-0.000146	0.005850	0.000001	0.000000	0.000000	0.000008	-0.053647
1.389000	-0.051177	0.000000	0.000000	-2.045111	0.000551	0.004196	0.001010	0.000000	0.000000	0.001018	0.075581
1.399000	-0.051729	0.000000	0.000000	0.127219	0.001183	0.004435	0.001011	0.000000	0.000000	0.001018	0.044308
1.410000	-0.052330	-0.004987	1.000000	-0.438034	0.000091	-0.000284	0.000001	0.000000	0.000000	0.000009	-0.112658
1.420000	-0.052906	-0.004987	0.000000	0.388939	0.000691	0.000156	0.001010	0.000000	0.000000	0.001018	-0.058893
1.429000	-0.053507	-0.008727	1.000000	0.128887	0.000171	-0.003195	0.000001	0.000000	0.000000	0.000008	0.051988
1.439000	-0.054157	0.000000	1.000000	0.160207	0.000065	0.007024	0.000000	0.000000	0.000000	0.000008	-0.051107
1.449000	-0.054820	0.000000	0.000000	0.273153	0.000674	0.005430	0.001010	0.000000	0.000000	0.001018	0.102718
1.460000	-0.055507	-0.008727	1.000000	0.719178	-0.000049	-0.002967	0.000000	0.000000	0.000000	0.000008	0.045032
1.469000	-0.056145	0.000000	1.000000	0.844362	-0.000048	0.006973	0.000000	0.000000	0.000000	0.000007	0.149856
1.479000	-0.056733	0.000000	0.000000	0.413229	0.000584	0.005513	0.001010	0.000000	0.000000	0.001017	-0.110240
1.489000	-0.057322	0.000000	0.000000	-1.283689	0.001218	0.005800	0.001010	0.000000	0.000000	0.001018	-0.113032
1.500000	-0.057985	0.000000	0.000000	1.444666	0.001865	0.006149	0.001011	0.000000	0.000000	0.001018	-0.118835
1.509000	-0.058573	0.000000	0.000000	0.549696	0.002522	0.006546	0.001011	0.000000	0.000000	0.001019	0.054166
1.519000	-0.059236	-0.008727	1.000000	2.363674	0.000076	-0.001782	0.000001	0.000000	0.000000	0.000009	0.056454
1.529000	-0.059910	-0.008727	0.000000	0.055920	0.000648	-0.000681	0.001011	0.000000	0.000000	0.001018	0.004162
1.540000	-0.060634	0.000000	1.000000	0.363487	-0.000143	0.008464	0.000001	0.000000	0.000000	0.000008	-0.099178
1.549000	-0.061272	-0.004987	1.000000	-1.481866	-0.000067	0.000837	0.000000	0.000000	0.000000	0.000008	-0.058711
1.559000	-0.061861	-0.004987	0.000000	-0.117584	0.000620	0.000897	0.001010	0.000000	0.000000	0.001018	-0.070662
1.569000	-0.062450	-0.008727	1.000000	-1.742252	0.000113	-0.002490	0.000000	0.000000	0.000000	0.000008	0.064637
1.580000	-0.063112	0.000000	1.000000	-1.506508	0.000054	0.007363	0.000000	0.000000	0.000000	0.000007	0.026377
1.589000	-0.063750	0.000000	0.000000	-0.684536	0.000691	0.005813	0.001010	0.000000	0.000000	0.001017	-0.033166
1.599000	-0.064412	0.000000	0.000000	-0.325577	0.001357	0.006139	0.001010	0.000000	0.000000	0.001018	0.027455
1.609000	-0.065099	0.000000	0.000000	0.917790	0.002023	0.006491	0.001011	0.000000	0.000000	0.001018	-0.068729
1.620000	-0.065847	-0.004987	1.000000	0.168071	-0.000039	0.001886	0.000001	0.000000	0.000000	0.000008	0.022934
1.630000	-0.066510	-0.008727	1.000000	0.671534	-0.000002	-0.002110	0.000000	0.000000	0.000000	0.000008	0.142089
1.639000	-0.067160	-0.008727	0.000000	0.963474	0.000657	-0.001113	0.001010	0.000000	0.000000	0.001018	-0.037516
1.649000	-0.067773	0.000000	1.000000	0.499129	0.000050	0.008019	0.000000	0.000000	0.000000	0.000008	-0.037273
1.660000	-0.068473	0.000000	0.000000	-0.749904	0.000698	0.006026	0.001010	0.000000	0.000000	0.001018	-0.081012
1.670000	-0.069135	0.000000	0.000000	0.327351	0.001386	0.006358	0.001010	0.000000	0.000000	0.001018	0.002863
1.679000	-0.069822	-0.004987	1.000000	-2.590028	0.000027	0.001741	0.000001	0.000000	0.000000	0.000008	0.087306
1.689000	-0.070521	-0.004987	0.000000	-0.247010	0.000698	0.001536	0.001010	0.000000	0.000000	0.001018	-0.041509
1.699000	-0.071196	-0.004987	0.000000	-0.260326	0.001392	0.001920	0.001011	0.000000	0.000000	0.001018	0.038141
1.710000	-0.071919	-0.011636	1.000000	0.630180	-0.000017	-0.004327	0.000001	0.000000	0.000000	0.000009	-0.024860
1.719000	-0.072570	0.000000	1.000000	-1.313775	0.000019	0.009334	0.000000	0.000000	0.000000	0.000008	-0.198185
1.729000	-0.073207	0.000000	0.000000	1.217902	0.000713	0.006998	0.001010	0.000000	0.000000	0.001018	0.012185
1.739000	-0.073870	-0.004987	1.000000	-0.849497	0.000115	0.002412	0.000000	0.000000	0.000000	0.000008	0.160689
1.750000	-0.074643	-0.004987	0.000000	0.609496	0.000748	0.002072	0.001010	0.000000	0.000000	0.001018	0.003429
1.759000	-0.075354	-0.004987	0.000000	-1.426873	0.001433	0.002437	0.001010	0.000000	0.000000	0.001018	-0.055832
1.769000	-0.076053	-0.008727	1.000000	-1.529569	-0.000059	-0.000903	0.000001	0.000000	0.000000	0.000008	0.053445
1.779000	-0.076740	-0.008727	0.000000	0.355888	0.000656	-0.000175	0.001010	0.000000	0.000000	0.001018	0.014707
1.790000	-0.077452	-0.008727	0.000000	0.955350	0.001331	0.000255	0.001011	0.000000	0.000000	0.001018	-0.015791
1.799000	-0.078090	-0.008727	0.000000	1.331125	0.001998	0.000687	0.001011	0.000000	0.000000	0.001019	0.047238
1.809000	-0.078727	-0.008727	0.000000	-1.093701	0.002649	0.001106	0.001011	0.000000	0.000000	0.001019	0.023453
1.819000	-0.079402	0.000000	1.000000	-0.552641	-0.000064	0.010233	0.000001	0.000000	0.000000	0.000010	-0.131165
1.830000	-0.080138	-0.004987	1.000000	0.238594	-0.000073	0.000997	0.000001	0.000000	0.000000	0.000008	-0.062322
1.839000	-0.080813	-0.004987	0.000000	0.550256	0.000677	0.000916	0.001010	0.000000	0.000000	0.001018	0.105611
1.849000	-0.081463	-0.004987	0.000000	0.976179	0.001399	0.001222	0.001010	0.000000	0.000000	0.001018	0.061754
1.859000	-0.082138	-0.008727	1.000000	1.952167	0.000127	-0.002176	0.000001	0.000000	0.000000	0.000009	0.031694
1.870000	-0.082874	-0.008727	0.000000	0.431781	0.000778	-0.000980	0.001010	0.000000	0.000000	0.001018	-0.081395
1.880000	-0.083536	-0.008727	0.000000	0.888902	0.001503	-0.000516	0.001011	0.000000	0.000000	0.001019	0.072940
1.889000	-0.084235	-0.008727	0.000000	1.356080	0.002214	-0.000047	0.001011	0.000000	0.000000	0.001019	0.094877
1.899000	-0.084959	-0.012467	1.000000	0.105474	0.000087	-0.003339	0.000001	0.000000	0.000000	0.000009	-0.084104
1.910000	-0.085756	-0.004987	1.000000	-0.704456	-0.000088	0.006036	0.000000	0.000000	0.000000	0.000008	-0.044676
1.920000	-0.086480	-0.004987	0.000000	0.040531	0.000634	0.004512	0.001010	0.000000	0.000000	0.001018	0.016275
1.929000	-0.087142	-0.004987	0.000000	0.440249	0.001306	0.004924	0.001010	0.000000	0.000000	0.001018	-0.021649
1.939000	-0.087793	-0.010908	1.000000	1.435009	-0.000064	-0.000583	0.000001	0.000000	0.000000	0.000009	-0.097712
1.949000	-0.088443	-0.010908	0.000000	-0.531199	0.000636	0.000076	0.001010	0.000000	0.000000	0.001018	-0.043438
1.960000	-0.089154	-0.008727	0.000000	0.133057	0.001291	0.000539	0.001011	0.000000	0.000000	0.001018	-0.161022
1.969000	-0.089829	-0.012467	0.000000	-0.130082	0.001943	0.001018	0.001011	0.000000	0.000000	0.001019	0.089879
1.979000	-0.090503	-0.012467	0.000000	0.451964	0.002564	0.001466	0.001011	0.000000	0.000000	0.001020	0.033663
1.989000	-0.091166	-0.012467	1.000000	-0.217061	-0.000213	0.000310	0.000001	0.000000	0.000000	0.000010	-0.144781
2.000000	-0.091865	-0.010908	0.000000	-0.229572	0.000543	0.000577	0.001011	0.000000	0.000000	0.001019	-0.092980
2.009000	-0.092442	-0.010908	0.000000	-0.594665	0.001141	0.000987	0.001011	0.000000	0.000000	0.001019	-0.073234
2.019000	-0.093006	-0.008727	1.000000	0.365181	-0.000118	0.005130	0.000001	0.000000	0.000000	0.000010	-0.105164
2.029000	-0.093558	-0.008727	0.000000	0.590450	0.000547	0.003275	0.001010	0.000000	0.000000	0.001018	-0.064258
2.040000	-0.094183	-0.012467	1.000000	1.350441	-0.000039	-0.000162	0.000001	0.000000	0.000000	0.000009	0.125395
2.049000	-0.094772	-0.004987	1.000000	-0.095495	-0.000040	0.007675	0.000000	0.000000	0.000000	0.000008	0.087719
2.059000	-0.095349	-0.004987	0.000000	0.230320	0.000546	0.005536	0.001010	0.000000	0.000000	0.001018	0.059103
2.069000	-0.095925	-0.012467	1.000000	0.390276	-0.000036	-0.001789	0.000000	0.000000	0.000000	0.000008	-0.099969
2.080000	-0.096539	-0.012467	0.000000	-1.867621	0.000560	-0.001014	0.001010	0.000000	0.000000	0.001018	0.166583
2.089000	-0.097091	-0.012467	0.000000	0.062343	0.001119	-0.000760	0.001010	0.000000	0.000000	0.001018	0.068071
2.099000	-0.097606	-0.008727	1.000000	1.114537	-0.000016	0.003221	0.000001	0.000000	0.000000	0.000008	0.240216
2.109000	-0.098109	-0.008727	0.000000	-0.617485	0.000519	0.002316	0.001010	0.000000	0.000000	0.001018	-0.146640
2.120000	-0.098661	-0.012467	1.000000	-0.309238	0.000009	-0.001243	0.000001	0.000000	0.000000	0.000008	-0.009993
2.130000	-0.099151	-0.008727	1.000000	-0.584517	0.000054	0.003143	0.000000	0.000000	0.000000	0.000008	0.056865
2.139000	-0.099679	-0.008727	0.000000	-0.172249	0.000563	0.002516	0.001010	0.000000	0.000000	0.001017	-0.066934
2.149000	-0.100206	-0.012467	1.000000	-0.708476	0.000043	-0.000983	0.000000	0.000000	0.000000	0.000008	0.014984
2.160000	-0.100771	-0.008727	1.000000	-0.444725	-0.000018	0.003308	0.000000	0.000000	0.000000	0.000007	-0.039073
2.170000	-0.101286	-0.008727	0.000000	-0.659491	0.000512	0.002754	0.001010	0.000000	0.000000	0.001017	0.208424
2.179000	-0.101789	-0.017453	1.000000	1.587962	-0.000009	-0.005752	0.000000	0.000000	0.000000	0.000008	0.083923
2.189000	-0.102267	-0.004987	1.000000	1.856492	-0.000014	0.008477	0.000000	0.000000	0.000000	0.000007	-0.059078
2.199000	-0.102721	-0.004987	0.000000	1.135497	0.000468	0.006685	0.001010	0.000000	0.000000	0.001017	-0.034998
2.210000	-0.103199	-0.012467	1.000000	-1.302997	0.000013	-0.000602	0.000000	0.000000	0.000000	0.000007	0.039996
2.219000	-0.103629	-0.012467	0.000000	0.070873	0.000473	-0.000226	0.001010	0.000000	0.000000	0.001017	-0.001575
2.229000	-0.104070	-0.012467	0.000000	-1.586266	0.000929	0.000008	0.001010	0.000000	0.000000	0.001018	0.203829
2.239000	-0.104512	-0.004987	1.000000	1.444423	0.000040	0.007686	0.000001	0.000000	0.000000	0.000008	0.088209
2.250000	-0.105003	-0.004987	0.000000	-0.041761	0.000445	0.005432	0.001010	0.000000	0.000000	0.001018	-0.008771
2.259000	-0.105444	-0.004987	0.000000	-0.586499	0.000882	0.005499	0.001011	0.000000	0.000000	0.001018	-0.152269
2.269000	-0.105874	-0.017453	1.000000	0.312005	-0.000022	-0.006819	0.000001	0.000000	0.000000	0.000008	0.058680
2.279000	-0.106291	-0.017453	0.000000	0.518154	0.000422	-0.004199	0.001010	0.000000	0.000000	0.001018	0.029887
2.290000	-0.106757	-0.008727	1.000000	-1.532159	-0.000054	0.004844	0.000001	0.000000	0.000000	0.000008	-0.158959
2.299000	-0.107174	-0.008727	0.000000	-0.286923	0.000393	0.003518	0.001010	0.000000	0.000000	0.001018	0.060544
2.309000	-0.107542	-0.008727	0.000000	1.230260	0.000796	0.003738	0.001011	0.000000	0.000000	0.001018	-0.195059
2.319000	-0.107910	-0.010908	0.000000	1.307236	0.001207	0.003992	0.001011	0.000000	0.000000	0.001019	-0.081917
2.330000	-0.108327	-0.008727	0.000000	0.859453	0.001610	0.004272	0.001011	0.000000	0.000000	0.001019	0.089208
2.339000	-0.108683	-0.008727	0.000000	-0.632425	0.001985	0.004522	0.001011	0.000000	0.000000	0.001020	0.041982
2.349000	-0.109026	-0.017453	1.000000	-0.644298	0.000068	-0.003991	0.000001	0.000000	0.000000	0.000011	-0.084948
2.359000	-0.109382	-0.017453	0.000000	0.600794	0.000341	-0.001778	0.001011	0.000000	0.000000	0.001019	0.026368
2.370000	-0.109762	-0.012467	1.000000	0.304459	-0.000110	0.003501	0.000001	0.000000	0.000000	0.000009	-0.227910
2.380000	-0.110081	-0.012467	0.000000	0.087015	0.000244	0.002329	0.001010	0.000000	0.000000	0.001018	-0.143860
2.389000	-0.110388	-0.012467	0.000000	-0.773761	0.000529	0.002548	0.001011	0.000000	0.000000	0.001019	0.194871
2.399000	-0.110670	-0.012467	0.000000	-0.587005	0.000767	0.002707	0.001011	0.000000	0.000000	0.001019	0.026893
2.410000	-0.110964	-0.008727	1.000000	-0.064825	-0.000221	0.006552	0.000001	0.000000	0.000000	0.000010	-0.021123
2.420000	-0.111197	-0.008727	0.000000	1.103264	0.000152	0.003691	0.001010	0.000000	0.000000	0.001019	-0.107801
2.429000	-0.111406	-0.012467	1.000000	-0.306366	-0.000040	-0.000055	0.000001	0.000000	0.000000	0.000009	-0.104109
2.439000	-0.111614	-0.017453	1.000000	0.198331	0.000031	-0.004954	0.000000	0.000000	0.000000	0.000008	-0.048771
2.449000	-0.111798	-0.017453	0.000000	-0.855609	0.000259	-0.003279	0.001010	0.000000	0.000000	0.001018	0.063877
2.460000	-0.112019	-0.012467	1.000000	0.913107	0.000066	0.001874	0.000000	0.000000	0.000000	0.000008	0.153108
2.469000	-0.112215	-0.008727	1.000000	0.581631	0.000018	0.005135	0.000000	0.000000	0.000000	0.000008	0.204791
2.479000	-0.112387	-0.008727	0.000000	0.103479	0.000165	0.003761	0.001010	0.000000	0.000000	0.001017	-0.091627
2.489000	-0.112534	-0.012467	1.000000	0.484464	0.000008	-0.000023	0.000000	0.000000	0.000000	0.000008	-0.003708
2.500000	-0.112669	-0.010908	0.000000	0.237312	0.000162	-0.000016	0.001010	0.000000	0.000000	0.001017	0.174657
2.509000	-0.112792	-0.010908	0.000000	1.169538	0.000296	-0.000031	0.001010	0.000000	0.000000	0.001018	0.109141
2.519000	-0.112902	-0.012467	0.000000	-1.365811	0.000414	-0.000065	0.001011	0.000000	0.000000	0.001018	-0.156828
2.529000	-0.113001	-0.012467	0.000000	1.026744	0.000542	-0.000055	0.001011	0.000000	0.000000	0.001019	-0.068374
2.540000	-0.113099	-0.004987	1.000000	-0.658451	0.000104	0.007477	0.000001	0.000000	0.000000	0.000009	-0.106308
2.549000	-0.113185	-0.014960	1.000000	-0.268145	0.000093	-0.005459	0.000001	0.000000	0.000000	0.000008	-0.000838
2.559000	-0.113283	-0.014960	0.000000	0.376397	0.000180	-0.003686	0.001010	0.000000	0.000000	0.001018	-0.288035
2.569000	-0.113381	-0.008727	1.000000	1.411779	0.000135	0.002703	0.000000	0.000000	0.000000	0.000008	0.057853
2.580000	-0.113491	-0.013575	1.000000	-1.688943	0.000092	-0.002851	0.000000	0.000000	0.000000	0.000008	-0.111241
2.589000	-0.113602	-0.013575	0.000000	0.089592	0.000177	-0.001930	0.001010	0.000000	0.000000	0.001017	-0.063650
2.599000	-0.113712	-0.012467	0.000000	-0.310418	0.000284	-0.001742	0.001010	0.000000	0.000000	0.001018	0.099659
2.609000	-0.113822	-0.008727	1.000000	-1.099085	0.000031	0.003260	0.000001	0.000000	0.000000	0.000008	-0.098608
2.620000	-0.113933	-0.008727	0.000000	0.076565	0.000094	0.002349	0.001010	0.000000	0.000000	0.001018	-0.032192
2.630000	-0.114019	-0.004987	1.000000	-0.222653	-0.000033	0.006182	0.000001	0.000000	0.000000	0.000008	-0.005033
2.639000	-0.114080	-0.004987	0.000000	-0.045933	0.000061	0.004322	0.001010	0.000000	0.000000	0.001018	-0.048628
2.649000	-0.114154	-0.008727	1.000000	1.539587	0.000011	0.000605	0.000001	0.000000	0.000000	0.000008	-0.066452
2.660000	-0.114227	-0.008727	0.000000	1.221361	0.000098	0.000494	0.001010	0.000000	0.000000	0.001018	0.044197
2.670000	-0.114301	-0.008727	0.000000	0.220356	0.000183	0.000581	0.001011	0.000000	0.000000	0.001018	0.100156
2.679000	-0.114374	-0.014960	1.000000	-0.748405	0.000033	-0.005574	0.000001	0.000000	0.000000	0.000008	0.016892
2.689000	-0.114448	-0.008727	1.000000	-0.185398	-0.000012	0.002697	0.000000	0.000000	0.000000	0.000008	0.143805
2.699000	-0.114509	-0.008727	0.000000	1.643041	0.000012	0.002036	0.001010	0.000000	0.000000	0.001018	0.166491
2.710000	-0.114571	-0.010908	0.000000	1.288936	0.000002	0.002071	0.001010	0.000000	0.000000	0.001018	0.028221
2.719000	-0.114595	-0.008727	0.000000	-1.172884	-0.000018	0.002086	0.001011	0.000000	0.000000	0.001018	0.129531
2.729000	-0.114607	-0.008727	0.000000	-1.185223	-0.000061	0.002075	0.001011	0.000000	0.000000	0.001019	-0.070093
2.739000	-0.114607	-0.012467	1.000000	-0.611773	-0.000264	-0.001669	0.000001	0.000000	0.000000	0.000009	0.129277
2.750000	-0.114595	-0.012467	0.000000	0.802947	-0.000144	-0.000976	0.001011	0.000000	0.000000	0.001018	0.140490
2.759000	-0.114595	-0.017453	1.000000	0.922128	-0.000209	-0.005978	0.000001	0.000000	0.000000	0.000009	0.008159
2.769000	-0.114595	-0.012467	1.000000	-1.150149	-0.000193	0.001224	0.000000	0.000000	0.000000	0.000008	0.047065
2.779000	-0.114583	-0.012467	0.000000	-1.437381	-0.000227	0.000884	0.001010	0.000000	0.000000	0.001018	0.071519
2.790000	-0.114583	-0.012467	0.000000	0.844095	-0.000368	0.000853	0.001010	0.000000	0.000000	0.001018	-0.090644
2.799000	-0.114558	-0.012467	0.000000	-0.550481	-0.000520	0.000810	0.001011	0.000000	0.000000	0.001018	0.048197
2.809000	-0.114509	-0.012467	0.000000	-0.163192	-0.000697	0.000743	0.001011	0.000000	0.000000	0.001019	0.183144
2.819000	-0.114423	-0.012467	0.000000	0.670249	-0.000912	0.000615	0.001011	0.000000	0.000000	0.001020	-0.175994
2.830000	-0.114239	-0.017453	1.000000	1.592546	-0.000768	-0.004493	0.000001	0.000000	0.000000	0.000010	-0.016423
2.839000	-0.114031	-0.017453	0.000000	0.613287	-0.000411	-0.002480	0.001011	0.000000	0.000000	0.001019	-0.082964
2.849000	-0.113798	-0.013575	1.000000	1.350009	-0.000172	0.001385	0.000001	0.000000	0.000000	0.000009	0.104000
2.859000	-0.113553	-0.013575	0.000000	0.922745	-0.000306	0.000750	0.001010	0.000000	0.000000	0.001018	-0.117561
2.870000	-0.113246	-0.004987	1.000000	0.201952	0.000010	0.009213	0.000001	0.000000	0.000000	0.000009	0.120807
2.880000	-0.112939	-0.012467	1.000000	1.265489	0.000069	-0.001767	0.000000	0.000000	0.000000	0.000008	-0.058304
2.889000	-0.112620	-0.012467	0.000000	0.653948	-0.000198	-0.001530	0.001010	0.000000	0.000000	0.001018	-0.126538
2.899000	-0.112301	-0.004987	1.000000	-0.702910	0.000212	0.005749	0.000000	0.000000	0.000000	0.000008	-0.063850
2.910000	-0.111933	-0.008727	1.000000	-1.361927	0.000265	0.000125	0.000000	0.000000	0.000000	0.000007	0.125004
2.920000	-0.111614	-0.008727	0.000000	-1.672475	-0.000080	-0.000139	0.001010	0.000000	0.000000	0.001017	-0.171160
2.929000	-0.111283	-0.004987	1.000000	0.096658	0.000345	0.003430	0.000000	0.000000	0.000000	0.000008	-0.087566
2.939000	-0.110964	-0.004987	0.000000	-1.029809	-0.000029	0.002383	0.001010	0.000000	0.000000	0.001017	0.126667
2.949000	-0.110645	-0.004987	0.000000	0.832447	-0.000270	0.002235	0.001010	0.000000	0.000000	0.001018	0.034852
2.960000	-0.110314	-0.008727	1.000000	2.427616	0.000459	-0.001639	0.000001	0.000000	0.000000	0.000008	0.122994
2.969000	-0.110007	-0.008727	0.000000	-0.051058	-0.000070	-0.001242	0.001010	0.000000	0.000000	0.001018	-0.066535
2.979000	-0.109701	-0.008727	0.000000	-0.484436	-0.000356	-0.001323	0.001011	0.000000	0.000000	0.001018	-0.158843
2.989000	-0.109382	-0.004987	1.000000	-0.041645	0.000302	0.002386	0.000001	0.000000	0.000000	0.000008	0.112811
3.000000	-0.109038	-0.004987	0.000000	0.133539	-0.000177	0.001490	0.001010	0.000000	0.000000	0.001018	-0.083712
3.009000	-0.108719	-0.004987	0.000000	0.960701	-0.000478	0.001417	0.001011	0.000000	0.000000	0.001018	0.072243
3.019000	-0.108401	-0.008727	1.000000	0.730756	0.000191	-0.002390	0.000001	0.000000	0.000000	0.000009	-0.041512
3.029000	-0.108094	-0.008727	0.000000	1.288105	-0.000250	-0.001533	0.001010	0.000000	0.000000	0.001018	0.075621
3.040000	-0.107763	-0.008727	0.000000	0.515721	-0.000602	-0.001554	0.001011	0.000000	0.000000	0.001019	0.063808
3.049000	-0.107456	-0.010908	0.000000	0.046443	-0.000970	-0.001605	0.001011	0.000000	0.000000	0.001019	0.087255
3.059000	-0.107137	-0.010908	0.000000	-0.950123	-0.001355	-0.001685	0.001011	0.000000	0.000000	0.001020	-0.014489
3.069000	-0.106794	0.000000	1.000000	1.068766	-0.000139	0.006955	0.000001	0.000000	0.000000	0.000010	-0.048297
3.080000	-0.106413	0.000000	0.000000	-1.222615	-0.000397	0.003536	0.001011	0.000000	0.000000	0.001019	-0.026767
3.089000	-0.106045	0.000000	0.000000	-0.215203	-0.000730	0.003338	0.001011	0.000000	0.000000	0.001019	-0.077204
3.099000	-0.105702	0.000000	0.000000	0.990613	-0.001041	0.003211	0.001011	0.000000	0.000000	0.001020	0.059219
3.109000	-0.105358	0.000000	0.000000	-0.107690	-0.001348	0.003121	0.001011	0.000000	0.000000	0.001021	-0.010430
3.120000	-0.104990	-0.004987	1.000000	-0.139890	0.000159	-0.001925	0.000001	0.000000	0.000000	0.000011	-0.041054
3.130000	-0.104671	-0.003491	0.000000	-0.471270	-0.000261	-0.000908	0.001011	0.000000	0.000000	0.001019	0.015588
3.139000	-0.104353	-0.003491	0.000000	0.232454	-0.000575	-0.000853	0.001011	0.000000	0.000000	0.001020	0.070030
3.149000	-0.104058	-0.008727	1.000000	-0.359497	0.000033	-0.004554	0.000001	0.000000	0.000000	0.000010	-0.005126
3.160000	-0.103715	-0.008727	0.000000	-0.590954	-0.000335	-0.002386	0.001010	0.000000	0.000000	0.001019	-0.140782
3.170000	-0.103396	-0.008727	0.000000	1.167519	-0.000688	-0.002250	0.001011	0.000000	0.000000	0.001019	0.063789
3.179000	-0.103077	0.000000	1.000000	0.354715	-0.000088	0.006573	0.000001	0.000000	0.000000	0.000010	-0.095522
3.189000	-0.102746	0.000000	0.000000	0.333895	-0.000397	0.003758	0.001010	0.000000	0.000000	0.001018	0.003481
3.199000	-0.102427	0.000000	0.000000	-1.475496	-0.000753	0.003692	0.001011	0.000000	0.000000	0.001019	-0.018922
3.210000	-0.102059	0.000000	0.000000	0.993353	-0.001104	0.003645	0.001011	0.000000	0.000000	0.001020	-0.070165
3.219000	-0.101727	-0.008727	1.000000	-0.261952	-0.000099	-0.005101	0.000001	0.000000	0.000000	0.000010	-0.212674
3.229000	-0.101384	-0.008727	0.000000	-0.849676	-0.000372	-0.002687	0.001011	0.000000	0.000000	0.001019	0.023091
3.239000	-0.101053	-0.008727	0.000000	-0.146921	-0.000733	-0.002533	0.001011	0.000000	0.000000	0.001019	-0.117655
3.250000	-0.100697	-0.004987	1.000000	0.632743	-0.000073	0.001337	0.000001	0.000000	0.000000	0.000010	0.123066
3.259000	-0.100341	-0.004987	0.000000	0.540564	-0.000424	0.000819	0.001010	0.000000	0.000000	0.001018	0.014687
3.269000	-0.099973	-0.004987	0.000000	-1.127317	-0.000831	0.000811	0.001011	0.000000	0.000000	0.001019	0.100914
3.279000	-0.099581	-0.004987	0.000000	-1.725225	-0.001260	0.000762	0.001011	0.000000	0.000000	0.001019	0.055272
3.290000	-0.099127	0.000000	1.000000	1.778071	-0.000133	0.005665	0.000001	0.000000	0.000000	0.000010	0.040386
3.299000	-0.098710	-0.004987	1.000000	0.294685	-0.000053	-0.002042	0.000000	0.000000	0.000000	0.000008	-0.160078
3.309000	-0.098256	-0.004987	0.000000	0.634488	-0.000425	-0.001477	0.001010	0.000000	0.000000	0.001018	-0.001034
3.319000	-0.097802	-0.004987	0.000000	1.145282	-0.000817	-0.001556	0.001010	0.000000	0.000000	0.001018	0.073349
3.330000	-0.097348	-0.004987	0.000000	-0.921753	-0.001215	-0.001632	0.001011	0.000000	0.000000	0.001019	0.209631
3.339000	-0.096943	-0.004987	0.000000	0.643670	-0.001632	-0.001740	0.001011	0.000000	0.000000	0.001019	0.078320
3.349000	-0.096551	-0.008727	1.000000	0.741867	0.000108	-0.005601	0.000001	0.000000	0.000000	0.000010	0.023438
3.359000	-0.096122	0.000000	1.000000	0.769121	0.000019	0.005564	0.000000	0.000000	0.000000	0.000008	0.016783
3.370000	-0.095643	0.000000	0.000000	-3.424987	-0.000439	0.003586	0.001010	0.000000	0.000000	0.001018	0.178888
3.380000	-0.095202	0.000000	0.000000	0.975536	-0.000905	0.003432	0.001010	0.000000	0.000000	0.001018	-0.012598
3.389000	-0.094760	0.000000	0.000000	-0.777172	-0.001366	0.003280	0.001011	0.000000	0.000000	0.001019	-0.064907
3.399000	-0.094269	-0.004987	1.000000	0.119932	0.000034	-0.001829	0.000001	0.000000	0.000000	0.000009	0.006266
3.410000	-0.093742	0.000000	1.000000	-0.433426	0.000080	0.003821	0.000000	0.000000	0.000000	0.000008	0.011820
3.420000	-0.093251	0.000000	0.000000	-0.316958	-0.000417	0.002496	0.001010	0.000000	0.000000	0.001018	0.009625
3.429000	-0.092773	0.000000	0.000000	1.726307	-0.000876	0.002376	0.001010	0.000000	0.000000	0.001018	0.218705
3.439000	-0.092331	0.000000	0.000000	-0.697730	-0.001353	0.002230	0.001011	0.000000	0.000000	0.001019	-0.008537
3.449000	-0.091877	0.000000	0.000000	-0.557388	-0.001822	0.002085	0.001011	0.000000	0.000000	0.001019	0.012509
3.460000	-0.091362	0.000000	0.000000	0.494891	-0.002287	0.001960	0.001011	0.000000	0.000000	0.001020	-0.101056
3.469000	-0.090908	-0.004987	1.000000	-1.235175	0.000097	-0.003113	0.000001	0.000000	0.000000	0.000010	-0.112457
3.479000	-0.090442	-0.004987	0.000000	-1.023792	-0.000431	-0.001637	0.001011	0.000000	0.000000	0.001019	0.175754
3.489000	-0.090001	0.000000	1.000000	-1.439050	-0.000013	0.003352	0.000001	0.000000	0.000000	0.000009	-0.037477
3.500000	-0.089485	0.000000	0.000000	-0.931183	-0.000487	0.001954	0.001010	0.000000	0.000000	0.001018	0.049837
3.509000	-0.089007	0.000000	0.000000	3.870252	-0.000971	0.001850	0.001011	0.000000	0.000000	0.001019	-0.124373
3.519000	-0.088504	0.000000	0.000000	-0.290363	-0.001441	0.001778	0.001011	0.000000	0.000000	0.001019	0.135382
3.529000	-0.088013	0.000000	0.000000	-0.937661	-0.001923	0.001697	0.001011	0.000000	0.000000	0.001020	-0.031330
3.540000	-0.087510	0.000000	0.000000	0.542309	-0.002400	0.001615	0.001011	0.000000	0.000000	0.001021	0.076088
3.549000	-0.087044	0.000000	0.000000	0.294006	-0.002884	0.001529	0.001011	0.000000	0.000000	0.001022	0.080233
3.559000	-0.086590	0.000000	1.000000	0.209308	0.000038	0.001427	0.000001	0.000000	0.000000	0.000012	0.217667
3.569000	-0.086124	0.000000	0.000000	0.907211	-0.000497	0.000476	0.001011	0.000000	0.000000	0.001019	0.089495
3.580000	-0.085609	0.000000	0.000000	-0.043956	-0.001000	0.000293	0.001011	0.000000	0.000000	0.001020	0.058807
3.589000	-0.085143	0.000000	0.000000	-0.833974	-0.001496	0.000127	0.001011	0.000000	0.000000	0.001021	-0.029405
3.599000	-0.084652	-0.003491	1.000000	-0.970158	-0.000039	-0.003494	0.000001	0.000000	0.000000	0.000011	-0.011209
3.609000	-0.084162	-0.003491	0.000000	0.364736	-0.000497	-0.001743	0.001011	0.000000	0.000000	0.001019	0.051554
3.620000	-0.083610	0.000000	1.000000	-0.091000	0.000051	0.001733	0.000001	0.000000	0.000000	0.000009	-0.050329
3.630000	-0.083119	0.002909	0.000000	-0.456876	-0.000468	0.000970	0.001010	0.000000	0.000000	0.001018	-0.053033
3.639000	-0.082628	0.002909	0.000000	0.226164	-0.000953	0.000924	0.001011	0.000000	0.000000	0.001019	-0.095090
3.649000	-0.082150	0.004987	1.000000	0.280359	0.000030	0.005890	0.000001	0.000000	0.000000	0.000009	-0.090466
3.660000	-0.081647	0.000000	1.000000	1.733620	0.000064	-0.001524	0.000000	0.000000	0.000000	0.000008	0.072967
3.670000	-0.081205	0.000000	0.000000	0.389185	-0.000416	-0.001108	0.001010	0.000000	0.000000	0.001018	0.021682
3.679000	-0.080764	0.000000	0.000000	-1.224408	-0.000862	-0.001151	0.001010	0.000000	0.000000	0.001018	0.103136
3.689000	-0.080347	0.010472	1.000000	-0.469522	-0.000010	0.009279	0.000001	0.000000	0.000000	0.000008	0.119048
3.699000	-0.079917	0.010472	0.000000	-0.519813	-0.000426	0.005922	0.001010	0.000000	0.000000	0.001018	-0.046641
3.710000	-0.079451	0.000000	1.000000	-1.181939	0.000088	-0.004711	0.000001	0.000000	0.000000	0.000008	-0.041431
3.719000	-0.079034	0.000000	0.000000	-1.313920	-0.000322	-0.003182	0.001010	0.000000	0.000000	0.001018	0.034958
3.729000	-0.078629	0.000000	0.000000	-1.513518	-0.000680	-0.003111	0.001011	0.000000	0.000000	0.001018	-0.091330
3.739000	-0.078249	0.000000	0.000000	-0.219960	-0.001018	-0.002998	0.001011	0.000000	0.000000	0.001019	-0.027631
3.750000	-0.077857	0.000000	0.000000	0.464643	-0.001344	-0.002849	0.001011	0.000000	0.000000	0.001019	0.031832
3.759000	-0.077525	-0.003491	1.000000	1.341541	0.000258	-0.006181	0.000001	0.000000	0.000000	0.000010	-0.032756
3.769000	-0.077219	0.006981	1.000000	-0.421299	0.000030	0.007220	0.000001	0.000000	0.000000	0.000008	-0.316662
3.779000	-0.076924	0.006981	0.000000	-0.824817	-0.000312	0.005022	0.001010	0.000000	0.000000	0.001018	0.078660
3.790000	-0.076605	0.000000	1.000000	-0.873129	-0.000036	-0.001777	0.000000	0.000000	0.000000	0.000008	0.012736
3.799000	-0.076311	0.002909	0.000000	2.300300	-0.000363	-0.001015	0.001010	0.000000	0.000000	0.001018	-0.015871
3.809000	-0.076029	0.002909	0.000000	0.838843	-0.000710	-0.000826	0.001010	0.000000	0.000000	0.001018	0.080985
3.819000	-0.075734	0.000000	0.000000	0.371470	-0.001071	-0.000670	0.001011	0.000000	0.000000	0.001019	-0.022135
3.830000	-0.075415	-0.003491	1.000000	-0.603279	-0.000243	-0.004023	0.000001	0.000000	0.000000	0.000009	0.058642
3.839000	-0.075109	-0.003491	0.000000	-0.631985	-0.000464	-0.002290	0.001010	0.000000	0.000000	0.001018	0.007442
3.849000	-0.074790	0.000000	1.000000	1.466176	-0.000220	0.001363	0.000001	0.000000	0.000000	0.000009	0.011195
3.859000	-0.074459	0.000000	0.000000	0.386878	-0.000483	0.000986	0.001010	0.000000	0.000000	0.001018	0.168016
3.870000	-0.074066	0.000000	0.000000	-0.641509	-0.000881	0.001023	0.001011	0.000000	0.000000	0.001018	0.097899
3.880000	-0.073698	0.000000	0.000000	-0.422417	-0.001292	0.001012	0.001011	0.000000	0.000000	0.001019	-0.245016
3.889000	-0.073306	0.000000	0.000000	0.152928	-0.001680	0.001037	0.001011	0.000000	0.000000	0.001020	-0.045025
3.899000	-0.072901	0.000000	0.000000	-0.774401	-0.002069	0.001086	0.001011	0.000000	0.000000	0.001020	0.070787
3.910000	-0.072471	-0.003491	1.000000	-0.133391	-0.000151	-0.002382	0.000001	0.000000	0.000000	0.000011	0.004870
3.920000	-0.072091	-0.003491	0.000000	1.310504	-0.000445	-0.001158	0.001011	0.000000	0.000000	0.001019	-0.102085
3.929000	-0.071711	0.000000	1.000000	-0.294066	-0.000091	0.002400	0.000001	0.000000	0.000000	0.000009	0.137557
3.939000	-0.071331	0.010472	1.000000	-0.210524	-0.000079	0.011882	0.000000	0.000000	0.000000	0.000008	-0.187156
3.949000	-0.070950	0.010472	0.000000	-0.972805	-0.000409	0.007909	0.001010	0.000000	0.000000	0.001018	-0.147468
3.960000	-0.070509	0.000000	1.000000	-0.575555	0.000091	-0.002686	0.000000	0.000000	0.000000	0.000008	0.069554
3.969000	-0.070116	0.002909	0.000000	-0.275018	-0.000270	-0.001877	0.001010	0.000000	0.000000	0.001018	0.044940
3.979000	-0.069761	0.002909	0.000000	-0.853094	-0.000586	-0.001862	0.001010	0.000000	0.000000	0.001018	-0.067387
3.989000	-0.069429	0.004987	1.000000	0.566413	0.000195	0.003176	0.000001	0.000000	0.000000	0.000008	-0.044282
4.000000	-0.069061	0.004987	0.000000	0.343851	-0.000199	0.002141	0.001010	0.000000	0.000000	0.001018	0.108495
4.009000	-0.068730	0.010472	1.000000	-0.500141	0.068951	-0.002804	0.000001	0.000000	0.000000	0.000008	-0.109768
4.019000	-0.068399	0.003491	1.000000	-1.323720	0.030151	-0.002282	0.000000	0.000000	0.000000	0.000008	-0.021325
4.029000	-0.068043	0.003491	1.000000	0.260024	0.011025	-0.002785	0.000000	0.000000	0.000000	0.000007	0.083367
4.040000	-0.067528	0.000000	1.000000	0.861890	-0.000921	-0.004046	0.000000	0.000000	0.000000	0.000007	0.009702
4.049000	-0.066878	-0.003491	1.000000	1.745445	-0.008929	-0.005767	0.000000	0.000000	0.000000	0.000007	0.017102
4.059000	-0.065970	-0.003491	1.000000	-0.359319	-0.014187	-0.007682	0.000000	0.000000	0.000000	0.000007	-0.101082
4.069000	-0.064854	0.000000	1.000000	-0.819146	-0.017274	-0.009543	0.000000	0.000000	0.000000	0.000007	-0.053682
4.080000	-0.063382	0.000000	1.000000	1.106473	-0.018623	-0.011174	0.000000	0.000000	0.000000	0.000007	0.051320
4.089000	-0.061934	0.000000	1.000000	0.775391	-0.018621	-0.012473	0.000000	0.000000	0.000000	0.000007	0.057495
4.099000	-0.060377	0.005818	1.000000	0.377455	-0.017619	-0.013365	0.000000	0.000000	0.000000	0.000007	-0.064726
4.109000	-0.058794	-0.003491	1.000000	1.490251	-0.015924	-0.013780	0.000000	0.000000	0.000000	0.000007	-0.124256
4.120000	-0.057065	-0.003491	1.000000	-0.197838	-0.013811	-0.013703	0.000000	0.000000	0.000000	0.000007	-0.002054
4.130000	-0.055519	0.010472	1.000000	-0.433630	-0.011525	-0.013203	0.000000	0.000000	0.000000	0.000007	-0.144340
4.139000	-0.054121	0.010472	1.000000	-1.630903	-0.009222	-0.012330	0.000000	0.000000	0.000000	0.000007	0.001074
4.149000	-0.052747	0.010472	1.000000	0.345966	-0.007049	-0.011183	0.000000	0.000000	0.000000	0.000007	0.021657
4.160000	-0.051311	0.017453	1.000000	-0.727703	-0.005090	-0.009868	0.000000	0.000000	0.000000	0.000007	0.072615
4.170000	-0.050146	0.017453	1.000000	1.352576	-0.003397	-0.008471	0.000000	0.000000	0.000000	0.000007	0.024985
4.179000	-0.049103	0.034907	1.000000	-0.429709	-0.001986	-0.007055	0.000000	0.000000	0.000000	0.000007	0.089832
4.189000	-0.048061	0.030543	1.000000	0.231074	-0.000864	-0.005688	0.000000	0.000000	0.000000	0.000007	0.001829
4.199000	-0.047055	0.030543	1.000000	0.354001	-0.000005	-0.004403	0.000000	0.000000	0.000000	0.000007	0.089024
4.210000	-0.046000	0.034907	1.000000	0.652453	0.000604	-0.003247	0.000000	0.000000	0.000000	0.000007	-0.056792
4.219000	-0.045092	0.034907	1.000000	-1.431016	0.001013	-0.002221	0.000000	0.000000	0.000000	0.000007	-0.138639
4.229000	-0.044221	0.034907	1.000000	0.066070	0.001258	-0.001311	0.000000	0.000000	0.000000	0.000007	-0.050124
4.239000	-0.043326	0.030543	1.000000	-0.944354	0.001358	-0.000545	0.000000	0.000000	0.000000	0.000007	-0.025366
4.250000	-0.042332	0.030543	1.000000	0.679331	0.001343	0.000059	0.000000	0.000000	0.000000	0.000007	-0.029806
4.259000	-0.041425	0.034907	1.000000	-0.130971	0.001247	0.000510	0.000000	0.000000	0.000000	0.000007	0.094794
4.269000	-0.040529	0.030543	1.000000	0.605729	0.001084	0.000799	0.000000	0.000000	0.000000	0.000007	-0.124911
4.279000	-0.039658	0.030543	1.000000	2.043323	0.000907	0.000985	0.000000	0.000000	0.000000	0.000007	0.098961
4.290000	-0.038652	0.034907	1.000000	-0.287668	0.000706	0.001062	0.000000	0.000000	0.000000	0.000007	-0.004542
4.299000	-0.037683	0.039270	1.000000	-0.915451	0.000512	0.001051	0.000000	0.000000	0.000000	0.000007	-0.102356
4.309000	-0.036677	0.039270	1.000000	0.627347	0.000347	0.001006	0.000000	0.000000	0.000000	0.000007	0.185462
4.319000	-0.035671	0.039270	1.000000	0.110868	0.000181	0.000890	0.000000	0.000000	0.000000	0.000007	0.047441
4.330000	-0.034617	0.039270	1.000000	-0.372135	0.000043	0.000728	0.000000	0.000000	0.000000	0.000007	0.138781
4.339000	-0.033611	0.039270	1.000000	0.573003	-0.000075	0.000536	0.000000	0.000000	0.000000	0.000007	0.076185
4.349000	-0.032568	0.047997	1.000000	0.050944	-0.000161	0.000338	0.000000	0.000000	0.000000	0.000007	-0.112279
4.359000	-0.031476	0.047997	1.000000	-0.798061	-0.000199	0.000189	0.000000	0.000000	0.000000	0.000007	0.119288
4.370000	-0.030286	0.047997	1.000000	-0.086333	-0.000226	0.000057	0.000000	0.000000	0.000000	0.000007	0.091998
4.380000	-0.029256	0.047997	1.000000	-0.220154	-0.000239	-0.000075	0.000000	0.000000	0.000000	0.000007	0.006060
4.389000	-0.028177	0.047997	1.000000	1.881357	-0.000230	-0.000177	0.000000	0.000000	0.000000	0.000007	0.000403
4.399000	-0.027085	0.052360	1.000000	0.771466	-0.000206	-0.000243	0.000000	0.000000	0.000000	0.000007	-0.056017
4.410000	-0.025870	0.056723	1.000000	1.129537	-0.000168	-0.000267	0.000000	0.000000	0.000000	0.000007	0.170361
4.420000	-0.024803	0.056723	1.000000	0.699746	-0.000145	-0.000299	0.000000	0.000000	0.000000	0.000007	-0.048051
4.429000	-0.023785	0.061087	1.000000	1.637544	-0.000111	-0.000314	0.000000	0.000000	0.000000	0.000007	-0.026351
4.439000	-0.022718	0.065450	1.000000	2.291256	-0.000074	-0.000297	0.000000	0.000000	0.000000	0.000007	-0.042486
4.449000	-0.021675	0.065450	1.000000	-1.687651	-0.000037	-0.000257	0.000000	0.000000	0.000000	0.000007	-0.139380
4.460000	-0.020498	0.069813	1.000000	0.936935	0.000006	-0.000183	0.000000	0.000000	0.000000	0.000007	0.023638
4.469000	-0.019455	0.063995	1.000000	0.726016	0.000033	-0.000111	0.000000	0.000000	0.000000	0.000007	-0.011411
4.479000	-0.018474	0.063995	1.000000	0.647722	0.000050	-0.000054	0.000000	0.000000	0.000000	0.000007	-0.228806
4.489000	-0.017455	0.069813	1.000000	-0.184917	0.000080	0.000037	0.000000	0.000000	0.000000	0.000007	0.107916
4.500000	-0.016315	0.069813	1.000000	-1.036939	0.000082	0.000101	0.000000	0.000000	0.000000	0.000007	0.123927
4.509000	-0.015272	0.069813	1.000000	-0.035674	0.000063	0.000106	0.000000	0.000000	0.000000	0.000007	0.251861
4.519000	-0.014278	0.069813	1.000000	-0.535623	0.000020	0.000042	0.000000	0.000000	0.000000	0.000007	0.006927
4.529000	-0.013260	0.069813	1.000000	-1.328411	-0.000007	-0.000032	0.000000	0.000000	0.000000	0.000007	-0.060600
4.540000	-0.012119	0.078540	1.000000	0.099740	-0.000016	-0.000070	0.000000	0.000000	0.000000	0.000007	0.042541
4.549000	-0.011040	0.087266	1.000000	-0.751295	-0.000024	-0.000095	0.000000	0.000000	0.000000	0.000007	0.014895
4.559000	-0.009973	0.087266	1.000000	-1.654564	-0.000028	-0.000115	0.000000	0.000000	0.000000	0.000007	-0.079013
4.569000	-0.008955	0.087266	1.000000	-0.835380	-0.000018	-0.000109	0.000000	0.000000	0.000000	0.000007	-0.000282
4.580000	-0.007838	0.087266	1.000000	-0.379115	-0.000010	-0.000091	0.000000	0.000000	0.000000	0.000007	0.072592
4.589000	-0.006783	0.087266	1.000000	-1.377033	-0.000011	-0.000088	0.000000	0.000000	0.000000	0.000007	0.042910
4.599000	-0.005704	0.087266	1.000000	0.468948	-0.000014	-0.000098	0.000000	0.000000	0.000000	0.000007	-0.170455
4.609000	-0.004637	0.095993	1.000000	-0.359776	0.000004	-0.000069	0.000000	0.000000	0.000000	0.000007	0.053897
4.620000	-0.003521	0.095993	1.000000	1.070082	0.000009	-0.000039	0.000000	0.000000	0.000000	0.000007	-0.093565
4.630000	-0.002515	0.104720	1.000000	-0.364729	0.000022	-0.000003	0.000000	0.000000	0.000000	0.000007	0.049723
4.639000	-0.001460	0.104720	1.000000	-0.231415	0.000022	0.000022	0.000000	0.000000	0.000000	0.000007	-0.134515
4.649000	-0.000393	0.104720	1.000000	0.179324	0.000034	0.000060	0.000000	0.000000	0.000000	0.000007	0.094175
4.660000	0.000736	0.110538	1.000000	0.157329	0.000027	0.000078	0.000000	0.000000	0.000000	0.000007	-0.058180
4.670000	0.001754	0.110538	1.000000	-0.717551	0.000026	0.000089	0.000000	0.000000	0.000000	0.000007	-0.052826
4.679000	0.002760	0.113446	1.000000	-0.292577	0.000027	0.000108	0.000000	0.000000	0.000000	0.000007	-0.041827
4.689000	0.003839	0.122173	1.000000	0.578719	0.000028	0.000129	0.000000	0.000000	0.000000	0.000007	-0.000643
4.699000	0.004882	0.122173	1.000000	-1.250018	0.000025	0.000141	0.000000	0.000000	0.000000	0.000007	-0.092130
4.710000	0.006011	0.122173	1.000000	-1.890128	0.000028	0.000160	0.000000	0.000000	0.000000	0.000007	0.311153
4.719000	0.007029	0.139626	1.000000	0.738882	-0.000006	0.000112	0.000000	0.000000	0.000000	0.000007	-0.015262
4.729000	0.008035	0.139626	1.000000	-1.580046	-0.000025	0.000044	0.000000	0.000000	0.000000	0.000007	0.076827
4.739000	0.009102	0.139626	1.000000	-2.453669	-0.000043	-0.000020	0.000000	0.000000	0.000000	0.000007	-0.060495
4.750000	0.010279	0.139626	1.000000	0.066263	-0.000044	-0.000060	0.000000	0.000000	0.000000	0.000007	0.061845
4.759000	0.011322	0.151262	1.000000	0.446673	-0.000047	-0.000091	0.000000	0.000000	0.000000	0.000007	0.050811
4.769000	0.012328	0.157080	1.000000	0.399071	-0.000048	-0.000124	0.000000	0.000000	0.000000	0.000007	0.129651
4.779000	0.013371	0.157080	1.000000	-0.387283	-0.000057	-0.000172	0.000000	0.000000	0.000000	0.000007	0.078779
4.790000	0.014561	0.174533	1.000000	-0.075743	-0.000062	-0.000225	0.000000	0.000000	0.000000	0.000007	0.014333
4.799000	0.015615	0.183260	1.000000	0.094196	-0.000059	-0.000260	0.000000	0.000000	0.000000	0.000007	0.019088
4.809000	0.016670	0.183260	1.000000	0.330062	-0.000051	-0.000276	0.000000	0.000000	0.000000	0.000007	-0.044710
4.819000	0.017725	0.191986	1.000000	-1.307066	-0.000033	-0.000265	0.000000	0.000000	0.000000	0.000007	-0.010936
4.830000	0.018878	0.197804	1.000000	1.112809	-0.000015	-0.000237	0.000000	0.000000	0.000000	0.000007	-0.013887
4.839000	0.019958	0.197804	1.000000	0.581675	0.000001	-0.000200	0.000000	0.000000	0.000000	0.000007	-0.052450
4.849000	0.021001	0.209440	1.000000	0.617692	0.000019	-0.000151	0.000000	0.000000	0.000000	0.000007	0.065645
4.859000	0.022031	0.209440	1.000000	-1.284913	0.000023	-0.000116	0.000000	0.000000	0.000000	0.000007	0.101193
4.870000	0.023159	0.221075	1.000000	-0.473639	0.000016	-0.000112	0.000000	0.000000	0.000000	0.000007	0.062960
4.880000	0.024214	0.238528	1.000000	-0.434101	0.000005	-0.000125	0.000000	0.000000	0.000000	0.000007	-0.000112
4.889000	0.025282	0.238528	1.000000	1.349275	0.000000	-0.000134	0.000000	0.000000	0.000000	0.000007	-0.090101
4.899000	0.026349	0.239983	1.000000	-1.231414	0.000008	-0.000115	0.000000	0.000000	0.000000	0.000007	-0.034756
4.910000	0.027502	0.257436	1.000000	-0.898202	0.000016	-0.000079	0.000000	0.000000	0.000000	0.000007	-0.057096
4.920000	0.028532	0.257436	1.000000	-0.595198	0.000026	-0.000035	0.000000	0.000000	0.000000	0.000007	0.039906
4.929000	0.029612	0.270526	1.000000	0.040468	0.000026	-0.000005	0.000000	0.000000	0.000000	0.000007	-0.069779
4.939000	0.030679	0.283616	1.000000	1.138474	0.000030	0.000026	0.000000	0.000000	0.000000	0.000007	-0.052384
4.949000	0.031722	0.283616	1.000000	0.457833	0.000035	0.000064	0.000000	0.000000	0.000000	0.000007	-0.045854
4.960000	0.032862	0.296706	1.000000	0.438094	0.000038	0.000101	0.000000	0.000000	0.000000	0.000007	-0.155408
4.969000	0.033905	0.318523	1.000000	0.541474	0.000051	0.000157	0.000000	0.000000	0.000000	0.000007	-0.207589
4.979000	0.034960	0.318523	1.000000	0.835041	0.000073	0.000244	0.000000	0.000000	0.000000	0.000007	0.037142
4.989000	0.036003	0.335103	1.000000	1.376959	0.000072	0.000305	0.000000	0.000000	0.000000	0.000007	0.026585
5.000000	0.037143	0.335103	1.000000	0.160860	0.000059	0.000323	0.000000	0.000000	0.000000	0.000007	0.018576
5.009000	0.038162	0.366519	1.000000	0.950884	0.000040	0.000311	0.000000	0.000000	0.000000	0.000007	-0.217749
5.019000	0.039192	0.383972	1.000000	-0.556392	0.000043	0.000327	0.000000	0.000000	0.000000	0.000007	0.195023
5.029000	0.040235	0.383972	1.000000	0.035074	0.000017	0.000303	0.000000	0.000000	0.000000	0.000007	-0.001706
5.040000	0.041388	0.406412	1.000000	-1.552325	-0.000003	0.000251	0.000000	0.000000	0.000000	0.000007	0.064655
5.049000	0.042406	0.427606	1.000000	-0.280689	-0.000025	0.000187	0.000000	0.000000	0.000000	0.000007	-0.034200
5.059000	0.043424	0.427606	1.000000	-0.315547	-0.000035	0.000133	0.000000	0.000000	0.000000	0.000007	0.250725
5.069000	0.044491	0.457664	1.000000	-1.233806	-0.000065	0.000041	0.000000	0.000000	0.000000	0.000007	-0.066093
5.080000	0.045644	0.488692	1.000000	1.939102	-0.000071	-0.000038	0.000000	0.000000	0.000000	0.000007	-0.021799
5.089000	0.046687	0.488692	1.000000	0.145209	-0.000066	-0.000081	0.000000	0.000000	0.000000	0.000007	0.038026
5.099000	0.047705	0.514872	1.000000	-1.593704	-0.000061	-0.000111	0.000000	0.000000	0.000000	0.000007	0.008183
5.109000	0.048748	0.514872	1.000000	-0.037438	-0.000051	-0.000133	0.000000	0.000000	0.000000	0.000007	0.095276
5.120000	0.049913	0.554627	1.000000	0.429737	-0.000049	-0.000160	0.000000	0.000000	0.000000	0.000007	-0.198917
5.130000	0.050980	0.584685	1.000000	-1.864482	-0.000021	-0.000140	0.000000	0.000000	0.000000	0.000007	0.080737
5.139000	0.052023	0.584685	1.000000	-1.024274	-0.000008	-0.000114	0.000000	0.000000	0.000000	0.000007	-0.047020
5.149000	0.053053	0.597290	1.000000	-0.954890	0.000006	-0.000089	0.000000	0.000000	0.000000	0.000007	-0.071374
5.160000	0.054206	0.645772	1.000000	0.166055	0.000024	-0.000046	0.000000	0.000000	0.000000	0.000007	0.029294
5.170000	0.055249	0.645772	1.000000	0.542623	0.000030	-0.000012	0.000000	0.000000	0.000000	0.000007	0.110732
5.179000	0.056316	0.694641	1.000000	-1.123539	0.000021	-0.000012	0.000000	0.000000	0.000000	0.000007	0.091236
5.189000	0.057359	0.745121	1.000000	0.700645	0.000006	-0.000041	0.000000	0.000000	0.000000	0.000007	0.043273
5.199000	0.058402	0.745121	1.000000	-0.357729	-0.000008	-0.000076	0.000000	0.000000	0.000000	0.000007	-0.012439
5.210000	0.059579	0.785398	1.000000	-0.409260	-0.000012	-0.000098	0.000000	0.000000	0.000000	0.000007	-0.001341
