当前时刻	小车位置	摆杆偏角	触发标志	外部高斯	残差1	残差2	残差上界1	残差上界2	残差上界3	残差上界4	水印	
0.000000	-0.000110	0.005818	1.000000	0.528710	-0.000110	0.005818	0.000000	0.000000	0.000000	0.000006	-0.052521
0.010000	-0.000110	0.010472	1.000000	-0.608616	-0.000105	0.010482	0.000000	0.000000	0.000000	0.000006	0.257058
0.020000	-0.000110	0.010472	1.000000	0.763309	-0.000126	0.010442	0.000000	0.000000	0.000000	0.000006	-0.028860
0.030000	-0.000110	0.010472	1.000000	0.553211	-0.000136	0.010376	0.000000	0.000000	0.000000	0.000006	0.072423
0.039000	-0.000110	0.017453	1.000000	0.260038	-0.000141	0.017264	0.000000	0.000000	0.000000	0.000006	-0.023609
0.050000	-0.000110	0.017453	1.000000	0.119222	-0.000125	0.017091	0.000000	0.000000	0.000000	0.000006	0.185418
0.060000	-0.000110	0.010472	1.000000	-0.243630	-0.000106	0.009809	0.000000	0.000000	0.000000	0.000006	-0.073440
0.070000	-0.000110	0.010472	1.000000	-0.233376	-0.000056	0.009519	0.000000	0.000000	0.000000	0.000006	-0.024636
0.079000	-0.000110	0.010472	1.000000	-0.028876	0.000009	0.009167	0.000000	0.000000	0.000000	0.000006	0.025975
0.090000	-0.000110	0.006981	1.000000	2.491592	0.000076	0.005232	0.000000	0.000000	0.000000	0.000006	0.110826
0.100000	-0.000110	0.002909	1.000000	1.601145	0.000130	0.000780	0.000000	0.000000	0.000000	0.000006	0.152044
0.110000	-0.000110	0.002909	1.000000	0.478545	0.000168	0.000608	0.000000	0.000000	0.000000	0.000006	-0.097962
0.119000	-0.000110	0.002909	1.000000	-2.048887	0.000217	0.000493	0.000000	0.000000	0.000000	0.000006	-0.068183
0.130000	-0.000123	-0.003491	1.000000	0.143624	0.000252	-0.005954	0.000000	0.000000	0.000000	0.000006	-0.059080
0.140000	-0.000123	-0.003491	1.000000	0.632102	0.000288	-0.005231	0.000000	0.000000	0.000000	0.000006	0.059181
0.150000	-0.000196	0.000000	1.000000	-1.909853	0.000215	-0.000970	0.000000	0.000000	0.000000	0.000006	0.019174
0.160000	-0.000368	0.000000	1.000000	0.372421	0.000047	-0.000696	0.000000	0.000000	0.000000	0.000006	0.061771
0.170000	-0.000540	-0.003491	1.000000	-1.140295	-0.000087	-0.003963	0.000000	0.000000	0.000000	0.000007	0.012547
0.180000	-0.000675	-0.003491	1.000000	-1.566357	-0.000152	-0.003241	0.000000	0.000000	0.000000	0.000007	-0.022441
0.190000	-0.000773	-0.003491	1.000000	-0.340618	-0.000165	-0.002586	0.000000	0.000000	0.000000	0.000007	0.042488
0.200000	-0.000859	0.000000	1.000000	0.539371	-0.000174	0.001462	0.000000	0.000000	0.000000	0.000007	0.043893
0.210000	-0.000932	0.004987	1.000000	-1.503041	-0.000175	0.006304	0.000000	0.000000	0.000000	0.000007	0.155805
0.220000	-0.000981	0.004987	1.000000	-0.907624	-0.000155	0.005241	0.000000	0.000000	0.000000	0.000007	-0.104672
0.230000	-0.001030	0.010472	1.000000	-0.766397	-0.000109	0.009781	0.000000	0.000000	0.000000	0.000007	-0.023353
0.240000	-0.001067	0.006981	1.000000	-0.395314	-0.000029	0.004525	0.000000	0.000000	0.000000	0.000007	0.015785
0.250000	-0.001116	0.006981	1.000000	-0.954115	0.000047	0.003630	0.000000	0.000000	0.000000	0.000007	-0.094155
0.260000	-0.001190	0.017453	1.000000	1.690475	0.000116	0.013403	0.000000	0.000000	0.000000	0.000007	0.077730
0.270000	-0.001276	0.017453	1.000000	0.506832	0.000189	0.010996	0.000000	0.000000	0.000000	0.000007	0.075548
0.280000	-0.001398	0.006981	1.000000	-1.450753	0.000250	-0.001519	0.000000	0.000000	0.000000	0.000007	-0.007416
0.289000	-0.001558	0.011636	1.000000	-0.216309	0.000297	0.003326	0.000000	0.000000	0.000000	0.000007	0.167155
0.300000	-0.001803	0.011636	1.000000	0.638696	0.000264	0.002762	0.000000	0.000000	0.000000	0.000007	-0.005978
0.310000	-0.002073	0.002909	1.000000	-0.478795	0.000254	-0.006366	0.000000	0.000000	0.000000	0.000007	0.029877
0.320000	-0.002380	0.010472	1.000000	-1.654021	0.000227	0.002489	0.000000	0.000000	0.000000	0.000007	0.142750
0.329000	-0.002723	0.010472	1.000000	0.682247	0.000178	0.002319	0.000000	0.000000	0.000000	0.000007	0.147140
0.340000	-0.003153	0.000000	1.000000	-1.911083	0.000067	-0.008298	0.000000	0.000000	0.000000	0.000007	0.099792
0.350000	-0.003570	0.000000	1.000000	-0.427640	0.000006	-0.006549	0.000000	0.000000	0.000000	0.000007	-0.054206
0.360000	-0.004023	0.000000	1.000000	1.333399	-0.000065	-0.004980	0.000000	0.000000	0.000000	0.000007	-0.032950
0.369000	-0.004490	-0.003491	1.000000	0.279931	-0.000126	-0.007094	0.000000	0.000000	0.000000	0.000007	0.000977
0.380000	-0.005005	0.000000	1.000000	-0.759678	-0.000229	-0.001817	0.000000	0.000000	0.000000	0.000007	0.123736
0.390000	-0.005459	0.000000	1.000000	0.478438	-0.000261	-0.000965	0.000000	0.000000	0.000000	0.000007	-0.100677
0.400000	-0.005900	0.010472	1.000000	-0.736726	-0.000264	0.010186	0.000000	0.000000	0.000000	0.000007	-0.001368
0.410000	-0.006317	0.010472	1.000000	0.046076	-0.000227	0.008851	0.000000	0.000000	0.000000	0.000007	0.191486
0.420000	-0.006759	0.000000	1.000000	-1.102523	-0.000217	-0.002880	0.000000	0.000000	0.000000	0.000007	0.107980
0.430000	-0.007151	0.004987	1.000000	-0.730471	-0.000149	0.002831	0.000000	0.000000	0.000000	0.000007	-0.012487
0.440000	-0.007556	0.004987	1.000000	0.316328	-0.000087	0.002594	0.000000	0.000000	0.000000	0.000007	0.124019
0.450000	-0.007961	0.000000	1.000000	-0.487644	-0.000034	-0.002608	0.000000	0.000000	0.000000	0.000007	-0.046727
0.460000	-0.008427	0.004987	1.000000	-0.104545	-0.000038	0.003102	0.000000	0.000000	0.000000	0.000007	0.134064
0.470000	-0.008869	0.004987	1.000000	0.013899	-0.000013	0.002841	0.000000	0.000000	0.000000	0.000007	-0.122074
0.480000	-0.009335	0.000000	1.000000	-0.626691	0.000011	-0.002349	0.000000	0.000000	0.000000	0.000007	0.154014
0.490000	-0.009801	0.005818	1.000000	0.523416	0.000022	0.004178	0.000000	0.000000	0.000000	0.000007	-0.167830
0.500000	-0.010329	0.005818	1.000000	1.110627	0.000001	0.003792	0.000000	0.000000	0.000000	0.000007	0.079109
0.510000	-0.010807	0.000000	1.000000	-0.198681	0.000045	-0.002360	0.000000	0.000000	0.000000	0.000007	0.178470
0.520000	-0.011273	0.000000	1.000000	-0.313526	0.000078	-0.001644	0.000000	0.000000	0.000000	0.000007	-0.089411
0.530000	-0.011751	0.002909	1.000000	2.100962	0.000103	0.001911	0.000000	0.000000	0.000000	0.000007	0.021932
0.539000	-0.012254	0.000000	1.000000	-0.917517	0.000096	-0.000949	0.000000	0.000000	0.000000	0.000007	-0.017124
0.550000	-0.012819	0.000000	1.000000	-2.022387	0.000031	-0.000396	0.000000	0.000000	0.000000	0.000007	0.065062
0.560000	-0.013334	0.000000	1.000000	-2.275925	0.000027	0.000065	0.000000	0.000000	0.000000	0.000007	-0.051474
0.570000	-0.013874	0.000000	1.000000	-0.459681	0.000004	0.000455	0.000000	0.000000	0.000000	0.000007	0.087098
0.579000	-0.014426	0.000000	1.000000	-1.719550	-0.000035	0.000760	0.000000	0.000000	0.000000	0.000007	-0.033093
0.590000	-0.015027	-0.003491	1.000000	0.452851	-0.000105	-0.002487	0.000000	0.000000	0.000000	0.000007	0.160999
0.600000	-0.015579	-0.003491	1.000000	0.612788	-0.000121	-0.001699	0.000000	0.000000	0.000000	0.000007	-0.071291
0.610000	-0.016082	-0.003491	1.000000	-0.338521	-0.000077	-0.001030	0.000000	0.000000	0.000000	0.000007	0.112277
0.619000	-0.016572	0.000000	1.000000	0.996067	-0.000049	0.003001	0.000000	0.000000	0.000000	0.000007	0.000230
0.630000	-0.017100	0.000000	1.000000	-0.604115	-0.000067	0.002806	0.000000	0.000000	0.000000	0.000007	0.009756
0.640000	-0.017590	0.000000	1.000000	-1.387060	-0.000039	0.002607	0.000000	0.000000	0.000000	0.000007	0.014203
0.650000	-0.018069	0.000000	1.000000	0.387677	-0.000001	0.002416	0.000000	0.000000	0.000000	0.000007	0.104916
0.660000	-0.018547	0.000000	1.000000	-1.097909	0.000022	0.002223	0.000000	0.000000	0.000000	0.000007	0.057271
0.670000	-0.019087	-0.003491	1.000000	0.306920	-0.000020	-0.001451	0.000000	0.000000	0.000000	0.000007	-0.049242
0.680000	-0.019602	-0.003491	1.000000	0.384917	-0.000013	-0.000967	0.000000	0.000000	0.000000	0.000007	-0.016226
0.690000	-0.020117	-0.003491	1.000000	-0.955872	-0.000004	-0.000524	0.000000	0.000000	0.000000	0.000007	-0.124922
0.700000	-0.020633	0.000000	1.000000	0.426740	0.000013	0.003377	0.000000	0.000000	0.000000	0.000007	-0.065862
0.710000	-0.021172	0.002909	1.000000	0.515378	0.000007	0.006029	0.000000	0.000000	0.000000	0.000007	0.082912
0.720000	-0.021663	0.002909	1.000000	1.469069	0.000052	0.005253	0.000000	0.000000	0.000000	0.000007	0.059566
0.730000	-0.022166	-0.003491	1.000000	-0.622464	0.000078	-0.001847	0.000000	0.000000	0.000000	0.000007	-0.043294
0.740000	-0.022657	0.000000	1.000000	0.394327	0.000119	0.002199	0.000000	0.000000	0.000000	0.000007	0.034245
0.750000	-0.023209	0.000000	1.000000	-0.313035	0.000088	0.002079	0.000000	0.000000	0.000000	0.000007	-0.023569
0.760000	-0.023736	0.000000	1.000000	-0.301214	0.000098	0.001986	0.000000	0.000000	0.000000	0.000007	0.003300
0.770000	-0.024288	0.000000	1.000000	-0.117269	0.000087	0.001918	0.000000	0.000000	0.000000	0.000007	-0.099570
0.780000	-0.024865	0.002909	1.000000	0.811510	0.000071	0.004799	0.000000	0.000000	0.000000	0.000007	0.109955
0.789000	-0.025441	0.004987	1.000000	-0.782656	0.000059	0.006326	0.000000	0.000000	0.000000	0.000007	0.007979
0.800000	-0.026067	0.004987	1.000000	-1.376824	0.000021	0.005475	0.000000	0.000000	0.000000	0.000007	-0.029231
0.810000	-0.026643	0.000000	1.000000	-1.087448	0.000073	-0.000219	0.000000	0.000000	0.000000	0.000007	0.101780
0.820000	-0.027232	0.006981	1.000000	-1.505035	0.000106	0.007061	0.000000	0.000000	0.000000	0.000007	-0.035611
0.829000	-0.027845	0.006981	1.000000	1.029571	0.000133	0.006118	0.000000	0.000000	0.000000	0.000007	0.246084
0.840000	-0.028532	0.002909	1.000000	-1.056759	0.000082	0.001218	0.000000	0.000000	0.000000	0.000007	0.040018
0.850000	-0.029207	0.000000	1.000000	0.554055	0.000086	-0.001653	0.000000	0.000000	0.000000	0.000007	0.000495
0.860000	-0.029943	0.000000	1.000000	0.469107	0.000048	-0.001033	0.000000	0.000000	0.000000	0.000007	0.021618
0.869000	-0.030691	0.010472	1.000000	-0.556874	0.000024	0.010029	0.000000	0.000000	0.000000	0.000007	-0.105247
0.880000	-0.031513	0.002909	1.000000	0.036597	-0.000025	0.001157	0.000000	0.000000	0.000000	0.000007	-0.000313
0.890000	-0.032261	0.002909	1.000000	0.245435	0.000042	0.001400	0.000000	0.000000	0.000000	0.000007	-0.078920
0.900000	-0.033034	0.010472	1.000000	-0.134907	0.000093	0.009228	0.000000	0.000000	0.000000	0.000007	-0.087869
0.910000	-0.033856	0.010472	1.000000	-0.314457	0.000116	0.008154	0.000000	0.000000	0.000000	0.000007	0.059096
0.920000	-0.034813	0.004987	1.000000	0.724924	0.000024	0.001746	0.000000	0.000000	0.000000	0.000007	-0.073471
0.930000	-0.035733	0.004987	1.000000	-1.319658	0.000037	0.001973	0.000000	0.000000	0.000000	0.000007	-0.039534
0.940000	-0.036653	0.004987	1.000000	1.328352	0.000078	0.002233	0.000000	0.000000	0.000000	0.000007	0.163353
0.950000	-0.037610	0.000000	1.000000	-1.669607	0.000077	-0.002524	0.000000	0.000000	0.000000	0.000007	-0.240105
0.960000	-0.038689	0.004987	1.000000	1.697064	-0.000007	0.003613	0.000000	0.000000	0.000000	0.000007	0.123229
0.970000	-0.039719	0.004987	1.000000	0.247362	-0.000014	0.003731	0.000000	0.000000	0.000000	0.000007	0.026692
0.980000	-0.040762	0.004987	1.000000	1.434332	-0.000012	0.003805	0.000000	0.000000	0.000000	0.000007	0.081015
0.990000	-0.041854	0.005818	1.000000	-1.990353	-0.000047	0.004681	0.000000	0.000000	0.000000	0.000007	0.104808
1.000000	-0.043056	0.005818	1.000000	0.583327	-0.000164	0.004547	0.000000	0.000000	0.000000	0.000007	-0.077414
1.010000	-0.044135	0.000000	1.000000	0.889196	-0.000078	-0.001366	0.000000	0.000000	0.000000	0.000007	0.012102
1.020000	-0.045252	0.000000	1.000000	-0.713496	-0.000032	-0.000385	0.000000	0.000000	0.000000	0.000007	-0.058980
1.030000	-0.046417	0.006981	1.000000	1.583176	-0.000028	0.007475	0.000000	0.000000	0.000000	0.000007	0.083522
1.039000	-0.047533	0.000000	1.000000	-1.800142	0.000038	-0.000008	0.000000	0.000000	0.000000	0.000007	0.102430
1.050000	-0.048809	0.000000	1.000000	-0.837030	-0.000072	0.000761	0.000000	0.000000	0.000000	0.000007	-0.001105
1.060000	-0.049987	0.000000	1.000000	0.671344	-0.000033	0.001426	0.000000	0.000000	0.000000	0.000007	0.144244
1.070000	-0.051213	0.000000	1.000000	1.508542	-0.000057	0.001970	0.000000	0.000000	0.000000	0.000007	0.095017
1.079000	-0.052415	0.000000	1.000000	-0.409270	-0.000043	0.002401	0.000000	0.000000	0.000000	0.000007	0.035520
1.090000	-0.053740	0.000000	1.000000	1.048006	-0.000143	0.002754	0.000000	0.000000	0.000000	0.000007	0.021670
1.100000	-0.054930	0.002909	1.000000	0.212930	-0.000061	0.005955	0.000000	0.000000	0.000000	0.000007	0.076399
1.110000	-0.056169	0.002909	1.000000	0.675344	-0.000036	0.005665	0.000000	0.000000	0.000000	0.000007	-0.180533
1.119000	-0.057433	-0.004987	1.000000	-0.902322	0.000000	-0.002454	0.000000	0.000000	0.000000	0.000007	-0.053732
1.130000	-0.058782	0.000000	1.000000	0.450884	-0.000044	0.003782	0.000000	0.000000	0.000000	0.000007	0.064818
1.140000	-0.060021	0.000000	1.000000	-0.455895	0.000042	0.003968	0.000000	0.000000	0.000000	0.000007	-0.090902
1.150000	-0.061333	-0.004987	1.000000	1.094465	0.000049	-0.000864	0.000000	0.000000	0.000000	0.000007	0.048218
1.160000	-0.062658	-0.004987	1.000000	-2.124808	0.000039	0.000145	0.000000	0.000000	0.000000	0.000007	0.185161
1.170000	-0.064093	-0.004987	1.000000	-1.647120	-0.000098	0.000962	0.000000	0.000000	0.000000	0.000007	-0.074494
1.180000	-0.065394	-0.008727	1.000000	0.114420	-0.000045	-0.002093	0.000000	0.000000	0.000000	0.000007	-0.326894
1.190000	-0.066755	-0.008727	1.000000	-0.452955	-0.000041	-0.000786	0.000000	0.000000	0.000000	0.000007	-0.088908
1.200000	-0.068105	-0.004987	1.000000	-0.874437	-0.000033	0.004087	0.000000	0.000000	0.000000	0.000007	0.111819
1.210000	-0.069564	-0.012467	1.000000	0.382345	-0.000161	-0.003169	0.000000	0.000000	0.000000	0.000007	0.063436
1.220000	-0.070914	-0.012467	1.000000	0.296669	-0.000159	-0.001735	0.000000	0.000000	0.000000	0.000007	-0.013360
1.230000	-0.072251	-0.008727	1.000000	0.128463	-0.000158	0.003189	0.000000	0.000000	0.000000	0.000007	0.148917
1.240000	-0.073563	-0.012467	1.000000	0.491100	-0.000159	-0.000291	0.000000	0.000000	0.000000	0.000007	0.011805
1.250000	-0.074974	-0.012467	1.000000	-1.313676	-0.000269	0.000517	0.000000	0.000000	0.000000	0.000007	0.113630
1.260000	-0.076262	-0.008727	1.000000	0.012394	-0.000240	0.004882	0.000000	0.000000	0.000000	0.000007	-0.096974
1.270000	-0.077501	-0.017453	1.000000	-0.744695	-0.000158	-0.004012	0.000000	0.000000	0.000000	0.000007	-0.096914
1.280000	-0.078678	-0.017453	1.000000	0.098849	-0.000041	-0.002616	0.000000	0.000000	0.000000	0.000007	0.081140
1.289000	-0.079831	-0.008727	1.000000	-0.777512	0.000030	0.007273	0.000000	0.000000	0.000000	0.000007	0.032838
1.300000	-0.081132	-0.008727	1.000000	-2.377073	-0.000087	0.006645	0.000000	0.000000	0.000000	0.000007	-0.014675
1.310000	-0.082309	-0.008727	1.000000	1.460258	-0.000047	0.006038	0.000000	0.000000	0.000000	0.000007	-0.001587
1.320000	-0.083438	-0.017453	1.000000	-2.395868	0.000034	-0.003247	0.000000	0.000000	0.000000	0.000007	0.018865
1.329000	-0.084517	-0.017453	1.000000	0.330553	0.000127	-0.002186	0.000000	0.000000	0.000000	0.000007	0.193453
1.340000	-0.085732	-0.008727	1.000000	-1.544063	0.000016	0.007421	0.000000	0.000000	0.000000	0.000007	0.156564
1.350000	-0.086860	-0.019635	1.000000	0.249414	0.000004	-0.004349	0.000000	0.000000	0.000000	0.000007	-0.080941
1.360000	-0.087940	-0.019635	1.000000	-0.026434	0.000041	-0.003159	0.000000	0.000000	0.000000	0.000007	0.112974
1.369000	-0.088995	-0.019635	1.000000	-0.021011	0.000058	-0.002138	0.000000	0.000000	0.000000	0.000007	0.167770
1.380000	-0.090099	-0.029920	1.000000	1.276896	-0.000024	-0.011603	0.000000	0.000000	0.000000	0.000007	-0.053647
1.390000	-0.091141	-0.029920	1.000000	-2.045111	-0.000057	-0.009088	0.000000	0.000000	0.000000	0.000007	0.075581
1.400000	-0.092172	-0.034907	1.000000	0.127219	-0.000130	-0.011946	0.000000	0.000000	0.000000	0.000007	0.044308
1.410000	-0.093141	-0.034907	1.000000	-0.438034	-0.000193	-0.009311	0.000000	0.000000	0.000000	0.000007	-0.112658
1.420000	-0.094122	-0.024933	1.000000	0.388939	-0.000312	0.002853	0.000000	0.000000	0.000000	0.000007	-0.058893
1.430000	-0.094932	-0.017453	1.000000	0.128887	-0.000276	0.010325	0.000000	0.000000	0.000000	0.000007	0.051988
1.440000	-0.095717	-0.017453	1.000000	0.160207	-0.000268	0.008812	0.000000	0.000000	0.000000	0.000007	-0.051107
1.450000	-0.096453	-0.023998	1.000000	0.273153	-0.000227	0.000839	0.000000	0.000000	0.000000	0.000007	0.102718
1.460000	-0.097201	-0.034907	1.000000	0.719178	-0.000239	-0.010217	0.000000	0.000000	0.000000	0.000007	0.045032
1.470000	-0.097814	-0.034907	1.000000	0.844362	-0.000151	-0.008430	0.000000	0.000000	0.000000	0.000007	0.149856
1.480000	-0.098379	-0.034907	1.000000	0.413229	-0.000104	-0.006928	0.000000	0.000000	0.000000	0.000007	-0.110240
1.490000	-0.098894	-0.023998	1.000000	-1.283689	-0.000068	0.005246	0.000000	0.000000	0.000000	0.000007	-0.113032
1.500000	-0.099372	-0.023998	1.000000	1.444666	-0.000043	0.004355	0.000000	0.000000	0.000000	0.000007	-0.118835
1.510000	-0.099777	-0.034907	1.000000	0.549696	0.000020	-0.007381	0.000000	0.000000	0.000000	0.000007	0.054166
1.520000	-0.100133	-0.034907	1.000000	2.363674	0.000052	-0.006209	0.000000	0.000000	0.000000	0.000007	0.056454
1.530000	-0.100464	-0.022440	1.000000	0.055920	0.000028	0.007218	0.000000	0.000000	0.000000	0.000007	0.004162
1.539000	-0.100771	-0.031998	1.000000	0.363487	-0.000010	-0.003799	0.000000	0.000000	0.000000	0.000007	-0.099178
1.550000	-0.101028	-0.031998	1.000000	-1.481866	-0.000026	-0.003400	0.000000	0.000000	0.000000	0.000007	-0.058711
1.560000	-0.101225	-0.021332	1.000000	-0.117584	-0.000021	0.007603	0.000000	0.000000	0.000000	0.000007	-0.070662
1.570000	-0.101372	-0.034907	1.000000	-1.742252	0.000003	-0.007608	0.000000	0.000000	0.000000	0.000007	0.064637
1.579000	-0.101470	-0.034907	1.000000	-1.506508	0.000013	-0.006652	0.000000	0.000000	0.000000	0.000007	0.026377
1.590000	-0.101531	-0.023998	1.000000	-0.684536	-0.000003	0.005066	0.000000	0.000000	0.000000	0.000007	-0.033166
1.600000	-0.101531	-0.017453	1.000000	-0.325577	0.000008	0.010335	0.000000	0.000000	0.000000	0.000007	0.027455
1.610000	-0.101531	-0.017453	1.000000	0.917790	-0.000011	0.008013	0.000000	0.000000	0.000000	0.000007	-0.068729
1.619000	-0.101519	-0.021332	1.000000	0.168071	-0.000012	0.002123	0.000000	0.000000	0.000000	0.000007	0.022934
1.630000	-0.101519	-0.012467	1.000000	0.671534	-0.000033	0.009976	0.000000	0.000000	0.000000	0.000007	0.142089
1.640000	-0.101507	-0.012467	1.000000	0.963474	-0.000039	0.007548	0.000000	0.000000	0.000000	0.000007	-0.037516
1.650000	-0.101507	-0.008727	1.000000	0.499129	-0.000027	0.009254	0.000000	0.000000	0.000000	0.000007	-0.037273
1.660000	-0.101482	-0.008727	1.000000	-0.749904	0.000043	0.006944	0.000000	0.000000	0.000000	0.000007	-0.081012
1.670000	-0.101433	-0.004987	1.000000	0.327351	0.000160	0.008825	0.000000	0.000000	0.000000	0.000007	0.002863
1.680000	-0.101384	-0.008727	1.000000	-2.590028	0.000278	0.002950	0.000000	0.000000	0.000000	0.000007	0.087306
1.690000	-0.101335	-0.008727	1.000000	-0.247010	0.000380	0.001891	0.000000	0.000000	0.000000	0.000007	-0.041509
1.700000	-0.101286	-0.013575	1.000000	-0.260326	0.000473	-0.003722	0.000000	0.000000	0.000000	0.000007	0.038141
1.710000	-0.101286	-0.012467	1.000000	0.630180	0.000484	-0.002278	0.000000	0.000000	0.000000	0.000007	-0.024860
1.720000	-0.101274	-0.012467	1.000000	-1.313775	0.000495	-0.002069	0.000000	0.000000	0.000000	0.000007	-0.198185
1.730000	-0.101286	-0.012467	1.000000	1.217902	0.000476	-0.001770	0.000000	0.000000	0.000000	0.000007	0.012185
1.740000	-0.101286	-0.012467	1.000000	-0.849497	0.000443	-0.001455	0.000000	0.000000	0.000000	0.000007	0.160689
1.750000	-0.101286	-0.008727	1.000000	0.609496	0.000369	0.002540	0.000000	0.000000	0.000000	0.000007	0.003429
1.760000	-0.101298	-0.008727	1.000000	-1.426873	0.000280	0.002083	0.000000	0.000000	0.000000	0.000007	-0.055832
1.770000	-0.101298	-0.008727	1.000000	-1.529569	0.000217	0.001699	0.000000	0.000000	0.000000	0.000007	0.053445
1.780000	-0.101298	-0.004987	1.000000	0.355888	0.000152	0.005106	0.000000	0.000000	0.000000	0.000007	0.014707
1.789000	-0.101298	-0.004987	1.000000	0.955350	0.000101	0.004151	0.000000	0.000000	0.000000	0.000007	-0.015791
1.800000	-0.101310	-0.004987	1.000000	1.331125	0.000057	0.003341	0.000000	0.000000	0.000000	0.000007	0.047238
1.810000	-0.101323	-0.004987	1.000000	-1.093701	0.000031	0.002663	0.000000	0.000000	0.000000	0.000007	0.023453
1.820000	-0.101347	0.000000	1.000000	-0.552641	0.000009	0.007095	0.000000	0.000000	0.000000	0.000007	-0.131165
1.829000	-0.101384	0.000000	1.000000	0.238594	0.000017	0.005795	0.000000	0.000000	0.000000	0.000007	-0.062322
1.840000	-0.101458	0.000000	1.000000	0.550256	0.000017	0.004738	0.000000	0.000000	0.000000	0.000007	0.105611
1.850000	-0.101556	0.000000	1.000000	0.976179	0.000008	0.003865	0.000000	0.000000	0.000000	0.000007	0.061754
1.860000	-0.101703	0.000000	1.000000	1.952167	-0.000023	0.003156	0.000000	0.000000	0.000000	0.000007	0.031694
1.869000	-0.101875	-0.008727	1.000000	0.431781	-0.000039	-0.006120	0.000000	0.000000	0.000000	0.000007	-0.081395
1.880000	-0.102083	-0.008727	1.000000	0.888902	-0.000061	-0.004943	0.000000	0.000000	0.000000	0.000007	0.072940
1.890000	-0.102292	-0.008727	1.000000	1.356080	-0.000079	-0.003860	0.000000	0.000000	0.000000	0.000007	0.094877
1.900000	-0.102537	-0.004987	1.000000	0.105474	-0.000139	0.000821	0.000000	0.000000	0.000000	0.000007	-0.084104
1.910000	-0.102770	-0.004987	1.000000	-0.704456	-0.000157	0.000981	0.000000	0.000000	0.000000	0.000007	-0.044676
1.920000	-0.103028	-0.008727	1.000000	0.040531	-0.000186	-0.002618	0.000000	0.000000	0.000000	0.000007	0.016275
1.930000	-0.103249	-0.008727	1.000000	0.440249	-0.000172	-0.001842	0.000000	0.000000	0.000000	0.000007	-0.021649
1.940000	-0.103469	-0.008727	1.000000	1.435009	-0.000166	-0.001184	0.000000	0.000000	0.000000	0.000007	-0.097712
1.950000	-0.103690	-0.004987	1.000000	-0.531199	-0.000159	0.003121	0.000000	0.000000	0.000000	0.000007	-0.043438
1.960000	-0.103923	0.000000	1.000000	0.133057	-0.000167	0.007907	0.000000	0.000000	0.000000	0.000007	-0.161022
1.970000	-0.104132	0.000000	1.000000	-0.130082	-0.000123	0.006833	0.000000	0.000000	0.000000	0.000007	0.089879
1.980000	-0.104340	-0.010908	1.000000	0.451964	-0.000088	-0.005042	0.000000	0.000000	0.000000	0.000007	0.033663
1.990000	-0.104561	-0.017453	1.000000	-0.217061	-0.000077	-0.010493	0.000000	0.000000	0.000000	0.000007	-0.144781
2.000000	-0.104782	-0.017453	1.000000	-0.229572	-0.000072	-0.008328	0.000000	0.000000	0.000000	0.000007	-0.092980
2.010000	-0.105003	-0.012467	1.000000	-0.594665	-0.000095	-0.001447	0.000000	0.000000	0.000000	0.000007	-0.073234
2.020000	-0.105199	-0.012467	1.000000	0.365181	-0.000113	-0.000739	0.000000	0.000000	0.000000	0.000007	-0.105164
2.030000	-0.105383	-0.010908	1.000000	0.590450	-0.000137	0.001365	0.000000	0.000000	0.000000	0.000007	-0.064258
2.039000	-0.105567	-0.008727	1.000000	1.350441	-0.000176	0.003669	0.000000	0.000000	0.000000	0.000007	0.125395
2.050000	-0.105714	-0.008727	1.000000	-0.095495	-0.000199	0.003277	0.000000	0.000000	0.000000	0.000007	0.087719
2.060000	-0.105825	-0.012467	1.000000	0.230320	-0.000194	-0.000899	0.000000	0.000000	0.000000	0.000007	0.059103
2.070000	-0.105910	-0.008727	1.000000	0.390276	-0.000180	0.003076	0.000000	0.000000	0.000000	0.000007	-0.099969
2.079000	-0.105959	-0.008727	1.000000	-1.867621	-0.000125	0.002610	0.000000	0.000000	0.000000	0.000007	0.166583
2.090000	-0.105972	-0.014960	1.000000	0.062343	-0.000068	-0.004069	0.000000	0.000000	0.000000	0.000007	0.068071
2.100000	-0.105984	-0.021332	1.000000	1.114537	-0.000044	-0.009742	0.000000	0.000000	0.000000	0.000007	0.240216
2.110000	-0.105984	-0.021332	1.000000	-0.617485	-0.000065	-0.008038	0.000000	0.000000	0.000000	0.000007	-0.146640
2.119000	-0.105984	-0.012467	1.000000	-0.309238	-0.000099	0.002313	0.000000	0.000000	0.000000	0.000007	-0.009993
2.130000	-0.105972	-0.012467	1.000000	-0.584517	-0.000138	0.001995	0.000000	0.000000	0.000000	0.000007	0.056865
2.140000	-0.105972	-0.012467	1.000000	-0.172249	-0.000202	0.001645	0.000000	0.000000	0.000000	0.000007	-0.066934
2.150000	-0.105959	-0.012467	1.000000	-0.708476	-0.000239	0.001309	0.000000	0.000000	0.000000	0.000007	0.014984
2.160000	-0.105935	-0.012467	1.000000	-0.444725	-0.000261	0.000996	0.000000	0.000000	0.000000	0.000007	-0.039073
2.170000	-0.105898	-0.012467	1.000000	-0.659491	-0.000262	0.000717	0.000000	0.000000	0.000000	0.000007	0.208424
2.180000	-0.105812	-0.017453	1.000000	1.587962	-0.000234	-0.004555	0.000000	0.000000	0.000000	0.000007	0.083923
2.190000	-0.105641	-0.017453	1.000000	1.856492	-0.000143	-0.003939	0.000000	0.000000	0.000000	0.000007	-0.059078
2.200000	-0.105407	-0.012467	1.000000	1.135497	-0.000026	0.001604	0.000000	0.000000	0.000000	0.000007	-0.034998
2.210000	-0.105113	-0.019635	1.000000	-1.302997	0.000104	-0.005962	0.000000	0.000000	0.000000	0.000007	0.039996
2.220000	-0.104831	-0.019635	1.000000	0.070873	0.000144	-0.005049	0.000000	0.000000	0.000000	0.000007	-0.001575
2.230000	-0.104524	-0.012467	1.000000	-1.586266	0.000154	0.002897	0.000000	0.000000	0.000000	0.000007	0.203829
2.240000	-0.104205	-0.004987	1.000000	1.444423	0.000117	0.009697	0.000000	0.000000	0.000000	0.000007	0.088209
2.250000	-0.103813	-0.004987	1.000000	-0.041761	0.000143	0.007698	0.000000	0.000000	0.000000	0.000007	-0.008771
2.260000	-0.103445	-0.012467	1.000000	-0.586499	0.000139	-0.001526	0.000000	0.000000	0.000000	0.000007	-0.152269
2.270000	-0.103040	-0.012467	1.000000	0.312005	0.000183	-0.001632	0.000000	0.000000	0.000000	0.000007	0.058680
2.280000	-0.102623	-0.013575	1.000000	0.518154	0.000207	-0.002775	0.000000	0.000000	0.000000	0.000007	0.029887
2.289000	-0.102206	-0.008727	1.000000	-1.532159	0.000200	0.002267	0.000000	0.000000	0.000000	0.000007	-0.158959
2.300000	-0.101740	-0.008727	1.000000	-0.286923	0.000244	0.001625	0.000000	0.000000	0.000000	0.000007	0.060544
2.310000	-0.101323	-0.008727	1.000000	1.230260	0.000201	0.001081	0.000000	0.000000	0.000000	0.000007	-0.195059
2.320000	-0.100893	-0.008727	1.000000	1.307236	0.000188	0.000657	0.000000	0.000000	0.000000	0.000007	-0.081917
2.329000	-0.100427	-0.008727	1.000000	0.859453	0.000207	0.000337	0.000000	0.000000	0.000000	0.000007	0.089208
2.340000	-0.099924	-0.004987	1.000000	-0.632425	0.000228	0.003797	0.000000	0.000000	0.000000	0.000007	0.041982
2.350000	-0.099458	-0.004987	1.000000	-0.644298	0.000189	0.002878	0.000000	0.000000	0.000000	0.000007	-0.084948
2.360000	-0.099004	-0.004987	1.000000	0.600794	0.000152	0.002110	0.000000	0.000000	0.000000	0.000007	0.026368
2.369000	-0.098563	-0.008727	1.000000	0.304459	0.000107	-0.002267	0.000000	0.000000	0.000000	0.000007	-0.227910
2.380000	-0.098097	-0.008727	1.000000	0.087015	0.000116	-0.002075	0.000000	0.000000	0.000000	0.000007	-0.143860
2.390000	-0.097679	-0.008727	1.000000	-0.773761	0.000072	-0.001832	0.000000	0.000000	0.000000	0.000007	0.194871
2.400000	-0.097275	-0.008727	1.000000	-0.587005	-0.000009	-0.001645	0.000000	0.000000	0.000000	0.000007	0.026893
2.410000	-0.096858	-0.008727	1.000000	-0.064825	-0.000069	-0.001508	0.000000	0.000000	0.000000	0.000007	-0.021123
2.420000	-0.096391	-0.004987	1.000000	1.103264	-0.000070	0.002351	0.000000	0.000000	0.000000	0.000007	-0.107801
2.430000	-0.095925	-0.008727	1.000000	-0.306366	-0.000066	-0.001937	0.000000	0.000000	0.000000	0.000007	-0.104109
2.440000	-0.095447	-0.008727	1.000000	0.198331	-0.000051	-0.001724	0.000000	0.000000	0.000000	0.000007	-0.048771
2.450000	-0.094956	-0.004987	1.000000	-0.855609	-0.000037	0.002213	0.000000	0.000000	0.000000	0.000007	0.063877
2.460000	-0.094417	-0.004987	1.000000	0.913107	0.000004	0.001690	0.000000	0.000000	0.000000	0.000007	0.153108
2.470000	-0.093914	-0.004987	1.000000	0.581631	-0.000026	0.001184	0.000000	0.000000	0.000000	0.000007	0.204791
2.480000	-0.093411	-0.004987	1.000000	0.103479	-0.000069	0.000695	0.000000	0.000000	0.000000	0.000007	-0.091627
2.490000	-0.092920	-0.008727	1.000000	0.484464	-0.000095	-0.003446	0.000000	0.000000	0.000000	0.000007	-0.003708
2.500000	-0.092368	-0.008727	1.000000	0.237312	-0.000053	-0.003085	0.000000	0.000000	0.000000	0.000007	0.174657
2.510000	-0.091865	-0.004987	1.000000	1.169538	-0.000097	0.000960	0.000000	0.000000	0.000000	0.000007	0.109141
2.520000	-0.091325	-0.004987	1.000000	-1.365811	-0.000102	0.000535	0.000000	0.000000	0.000000	0.000007	-0.156828
2.530000	-0.090761	0.000000	1.000000	1.026744	-0.000060	0.005190	0.000000	0.000000	0.000000	0.000007	-0.068374
2.539000	-0.090172	-0.008727	1.000000	-0.658451	0.000008	-0.004671	0.000000	0.000000	0.000000	0.000007	-0.106308
2.550000	-0.089522	-0.008727	1.000000	-0.268145	0.000124	-0.004053	0.000000	0.000000	0.000000	0.000007	-0.000838
2.560000	-0.088921	0.000000	1.000000	0.376397	0.000136	0.005243	0.000000	0.000000	0.000000	0.000007	-0.288035
2.570000	-0.088369	-0.004987	1.000000	1.411779	0.000113	-0.000753	0.000000	0.000000	0.000000	0.000007	0.057853
2.579000	-0.087829	-0.004987	1.000000	-1.688943	0.000063	-0.000746	0.000000	0.000000	0.000000	0.000007	-0.111241
2.590000	-0.087265	0.000000	1.000000	0.089592	0.000051	0.004258	0.000000	0.000000	0.000000	0.000007	-0.063650
2.600000	-0.086738	0.000000	1.000000	-0.310418	0.000006	0.003395	0.000000	0.000000	0.000000	0.000007	0.099659
2.610000	-0.086210	0.000000	1.000000	-1.099085	-0.000034	0.002620	0.000000	0.000000	0.000000	0.000007	-0.098608
2.619000	-0.085670	0.000000	1.000000	0.076565	-0.000031	0.001969	0.000000	0.000000	0.000000	0.000007	-0.032192
2.630000	-0.085057	0.000000	1.000000	-0.222653	0.000058	0.001442	0.000000	0.000000	0.000000	0.000007	-0.005033
2.640000	-0.084493	0.000000	1.000000	-0.045933	0.000078	0.001016	0.000000	0.000000	0.000000	0.000007	-0.048628
2.650000	-0.083929	-0.003491	1.000000	1.539587	0.000102	-0.002806	0.000000	0.000000	0.000000	0.000007	-0.066452
2.660000	-0.083413	-0.003491	1.000000	1.221361	0.000074	-0.002422	0.000000	0.000000	0.000000	0.000007	0.044197
2.670000	-0.082874	0.000000	1.000000	0.220356	0.000066	0.001420	0.000000	0.000000	0.000000	0.000007	0.100156
2.680000	-0.082407	0.006981	1.000000	-0.748405	-0.000027	0.008065	0.000000	0.000000	0.000000	0.000007	0.016892
2.690000	-0.081917	0.006981	1.000000	-0.185398	-0.000053	0.006516	0.000000	0.000000	0.000000	0.000007	0.143805
2.700000	-0.081426	0.000000	1.000000	1.643041	-0.000058	-0.001824	0.000000	0.000000	0.000000	0.000007	0.166491
2.710000	-0.080886	0.004987	1.000000	1.288936	-0.000005	0.003239	0.000000	0.000000	0.000000	0.000007	0.028221
2.720000	-0.080383	0.004987	1.000000	-1.172884	0.000020	0.002468	0.000000	0.000000	0.000000	0.000007	0.129531
2.730000	-0.079868	0.002909	1.000000	-1.185223	0.000065	-0.000242	0.000000	0.000000	0.000000	0.000007	-0.070093
2.740000	-0.079365	0.000000	1.000000	-0.611773	0.000114	-0.003254	0.000000	0.000000	0.000000	0.000007	0.129277
2.750000	-0.078826	0.000000	1.000000	0.802947	0.000183	-0.002774	0.000000	0.000000	0.000000	0.000007	0.140490
2.760000	-0.078384	0.004987	1.000000	0.922128	0.000121	0.002644	0.000000	0.000000	0.000000	0.000007	0.008159
2.770000	-0.077979	0.000000	1.000000	-1.150149	0.000050	-0.002836	0.000000	0.000000	0.000000	0.000007	0.047065
2.780000	-0.077574	0.000000	1.000000	-1.437381	0.000002	-0.002354	0.000000	0.000000	0.000000	0.000007	0.071519
2.789000	-0.077182	0.006981	1.000000	0.844095	-0.000047	0.005057	0.000000	0.000000	0.000000	0.000007	-0.090644
2.800000	-0.076753	0.006981	1.000000	-0.550481	-0.000019	0.004211	0.000000	0.000000	0.000000	0.000007	0.048197
2.810000	-0.076372	0.000000	1.000000	-0.163192	-0.000034	-0.003498	0.000000	0.000000	0.000000	0.000007	0.183144
2.820000	-0.075992	0.006981	1.000000	0.670249	-0.000051	0.004082	0.000000	0.000000	0.000000	0.000007	-0.175994
2.829000	-0.075599	0.006981	1.000000	1.592546	-0.000011	0.003411	0.000000	0.000000	0.000000	0.000007	-0.016423
2.840000	-0.075170	0.004987	1.000000	0.613287	0.000076	0.000874	0.000000	0.000000	0.000000	0.000007	-0.082964
2.850000	-0.074802	-0.003491	1.000000	1.350009	0.000099	-0.007674	0.000000	0.000000	0.000000	0.000007	0.104000
2.860000	-0.074459	-0.003491	1.000000	0.922745	0.000075	-0.006206	0.000000	0.000000	0.000000	0.000007	-0.117561
2.869000	-0.074127	0.010472	1.000000	0.201952	0.000045	0.009063	0.000000	0.000000	0.000000	0.000007	0.120807
2.880000	-0.073772	0.000000	1.000000	1.265489	0.000040	-0.002803	0.000000	0.000000	0.000000	0.000007	-0.058304
2.890000	-0.073477	0.000000	1.000000	0.653948	-0.000020	-0.002174	0.000000	0.000000	0.000000	0.000007	-0.126538
2.900000	-0.073183	0.006981	1.000000	-0.702910	-0.000051	0.005384	0.000000	0.000000	0.000000	0.000007	-0.063850
2.910000	-0.072901	0.006981	1.000000	-1.361927	-0.000073	0.004642	0.000000	0.000000	0.000000	0.000007	0.125004
2.920000	-0.072594	0.000000	1.000000	-1.672475	-0.000063	-0.003030	0.000000	0.000000	0.000000	0.000007	-0.171160
2.930000	-0.072324	0.010472	1.000000	0.096658	-0.000066	0.008112	0.000000	0.000000	0.000000	0.000007	-0.087566
2.940000	-0.072054	0.010472	1.000000	-1.029809	-0.000040	0.006863	0.000000	0.000000	0.000000	0.000007	0.126667
2.950000	-0.071797	0.010472	1.000000	0.832447	-0.000021	0.005754	0.000000	0.000000	0.000000	0.000007	0.034852
2.960000	-0.071539	0.000000	1.000000	2.427616	0.000023	-0.005676	0.000000	0.000000	0.000000	0.000007	0.122994
2.970000	-0.071318	0.000000	1.000000	-0.051058	0.000023	-0.004613	0.000000	0.000000	0.000000	0.000007	-0.066535
2.980000	-0.071110	0.006981	1.000000	-0.484436	0.000026	0.003352	0.000000	0.000000	0.000000	0.000007	-0.158843
2.990000	-0.070901	0.010472	1.000000	-0.041645	0.000057	0.006511	0.000000	0.000000	0.000000	0.000007	0.112811
3.000000	-0.070705	0.010472	1.000000	0.133539	0.000071	0.005586	0.000000	0.000000	0.000000	0.000007	-0.083712
3.010000	-0.070546	0.000000	1.000000	0.960701	0.000077	-0.005678	0.000000	0.000000	0.000000	0.000007	0.072243
3.020000	-0.070386	0.000000	1.000000	0.730756	0.000082	-0.004473	0.000000	0.000000	0.000000	0.000007	-0.041512
3.030000	-0.070251	-0.003491	1.000000	1.288105	0.000065	-0.006883	0.000000	0.000000	0.000000	0.000007	0.075621
3.039000	-0.070141	0.010472	1.000000	0.515721	0.000007	0.008630	0.000000	0.000000	0.000000	0.000007	0.063808
3.050000	-0.070018	0.010472	1.000000	0.046443	-0.000022	0.007437	0.000000	0.000000	0.000000	0.000007	0.087255
3.060000	-0.069908	0.010472	1.000000	-0.950123	-0.000043	0.006340	0.000000	0.000000	0.000000	0.000007	-0.014489
3.070000	-0.069785	0.010472	1.000000	1.068766	-0.000013	0.005387	0.000000	0.000000	0.000000	0.000007	-0.048297
3.079000	-0.069675	0.010472	1.000000	-1.222615	0.000035	0.004602	0.000000	0.000000	0.000000	0.000007	-0.026767
3.090000	-0.069577	0.004987	1.000000	-0.215203	0.000093	-0.001511	0.000000	0.000000	0.000000	0.000007	-0.077204
3.100000	-0.069527	0.000000	1.000000	0.990613	0.000115	-0.005993	0.000000	0.000000	0.000000	0.000007	0.059219
3.110000	-0.069515	0.000000	1.000000	-0.107690	0.000093	-0.004621	0.000000	0.000000	0.000000	0.000007	-0.010430
3.119000	-0.069503	0.000000	1.000000	-0.139890	0.000076	-0.003409	0.000000	0.000000	0.000000	0.000007	-0.041054
3.130000	-0.069503	0.002909	1.000000	-0.471270	0.000046	0.000551	0.000000	0.000000	0.000000	0.000007	0.015588
3.140000	-0.069515	0.002909	1.000000	0.232454	0.000002	0.000910	0.000000	0.000000	0.000000	0.000007	0.070030
3.150000	-0.069515	0.002909	1.000000	-0.359497	-0.000027	0.001160	0.000000	0.000000	0.000000	0.000007	-0.005126
3.160000	-0.069515	0.002909	1.000000	-0.590954	-0.000047	0.001332	0.000000	0.000000	0.000000	0.000007	-0.140782
3.170000	-0.069515	0.006981	1.000000	1.167519	-0.000045	0.005551	0.000000	0.000000	0.000000	0.000007	0.063789
3.180000	-0.069515	0.002909	1.000000	0.354715	-0.000041	0.000846	0.000000	0.000000	0.000000	0.000007	-0.095522
3.190000	-0.069515	0.002909	1.000000	0.333895	-0.000018	0.001013	0.000000	0.000000	0.000000	0.000007	0.003481
3.200000	-0.069515	-0.003491	1.000000	-1.475496	0.000003	-0.005241	0.000000	0.000000	0.000000	0.000007	-0.018922
3.210000	-0.069527	0.002909	1.000000	0.993353	0.000003	0.002423	0.000000	0.000000	0.000000	0.000007	-0.070165
3.220000	-0.069527	0.002909	1.000000	-0.261952	0.000021	0.002377	0.000000	0.000000	0.000000	0.000007	-0.212674
3.230000	-0.069527	0.002909	1.000000	-0.849676	0.000054	0.002350	0.000000	0.000000	0.000000	0.000007	0.023091
3.240000	-0.069527	0.000000	1.000000	-0.146921	0.000071	-0.000604	0.000000	0.000000	0.000000	0.000007	-0.117655
3.250000	-0.069540	0.000000	1.000000	0.632743	0.000077	-0.000133	0.000000	0.000000	0.000000	0.000007	0.123066
3.260000	-0.069552	-0.003491	1.000000	0.540564	0.000059	-0.003256	0.000000	0.000000	0.000000	0.000007	0.014687
3.270000	-0.069577	-0.003491	1.000000	-1.127317	0.000020	-0.002357	0.000000	0.000000	0.000000	0.000007	0.100914
3.280000	-0.069626	0.000000	1.000000	-1.725225	-0.000057	0.001864	0.000000	0.000000	0.000000	0.000007	0.055272
3.289000	-0.069662	0.000000	1.000000	1.778071	-0.000109	0.001818	0.000000	0.000000	0.000000	0.000007	0.040386
3.300000	-0.069711	0.000000	1.000000	0.294685	-0.000159	0.001729	0.000000	0.000000	0.000000	0.000007	-0.160078
3.310000	-0.069748	0.000000	1.000000	0.634488	-0.000158	0.001658	0.000000	0.000000	0.000000	0.000007	-0.001034
3.320000	-0.069785	0.004987	1.000000	1.145282	-0.000150	0.006580	0.000000	0.000000	0.000000	0.000007	0.073349
3.329000	-0.069822	0.004987	1.000000	-0.921753	-0.000134	0.005603	0.000000	0.000000	0.000000	0.000007	0.209631
3.340000	-0.069859	0.010472	1.000000	0.643670	-0.000117	0.010189	0.000000	0.000000	0.000000	0.000007	0.078320
3.350000	-0.069895	0.017453	1.000000	0.741867	-0.000070	0.015406	0.000000	0.000000	0.000000	0.000007	0.023438
3.360000	-0.069945	0.017453	1.000000	0.769121	0.000012	0.012671	0.000000	0.000000	0.000000	0.000007	0.016783
3.369000	-0.070006	0.011636	1.000000	-3.424987	0.000129	0.004565	0.000000	0.000000	0.000000	0.000007	0.178888
3.380000	-0.070129	0.013963	1.000000	0.975536	0.000196	0.006043	0.000000	0.000000	0.000000	0.000007	-0.012598
3.390000	-0.070288	0.013963	1.000000	-0.777172	0.000272	0.005033	0.000000	0.000000	0.000000	0.000007	-0.064907
3.400000	-0.070521	0.006981	1.000000	0.119932	0.000315	-0.002663	0.000000	0.000000	0.000000	0.000007	0.006266
3.410000	-0.070803	0.006981	1.000000	-0.433426	0.000334	-0.001898	0.000000	0.000000	0.000000	0.000007	0.011820
3.420000	-0.071208	-0.003491	1.000000	-0.316958	0.000249	-0.011594	0.000000	0.000000	0.000000	0.000007	0.009625
3.430000	-0.071613	0.000000	1.000000	1.726307	0.000189	-0.005488	0.000000	0.000000	0.000000	0.000007	0.218705
3.440000	-0.072067	0.000000	1.000000	-0.697730	0.000067	-0.003850	0.000000	0.000000	0.000000	0.000007	-0.008537
3.450000	-0.072521	0.011636	1.000000	-0.557388	-0.000025	0.009172	0.000000	0.000000	0.000000	0.000007	0.012509
3.460000	-0.073023	0.002909	1.000000	0.494891	-0.000128	-0.000474	0.000000	0.000000	0.000000	0.000007	-0.101056
3.470000	-0.073490	0.002909	1.000000	-1.235175	-0.000140	0.000257	0.000000	0.000000	0.000000	0.000007	-0.112457
3.480000	-0.073956	0.005818	1.000000	-1.023792	-0.000127	0.003810	0.000000	0.000000	0.000000	0.000007	0.175754
3.490000	-0.074446	0.006981	1.000000	-1.439050	-0.000148	0.004952	0.000000	0.000000	0.000000	0.000007	-0.037477
3.500000	-0.075011	0.006981	1.000000	-0.931183	-0.000209	0.004683	0.000000	0.000000	0.000000	0.000007	0.049837
3.510000	-0.075538	0.005818	1.000000	3.870252	-0.000191	0.003264	0.000000	0.000000	0.000000	0.000007	-0.124373
3.520000	-0.076078	0.005818	1.000000	-0.290363	-0.000146	0.003270	0.000000	0.000000	0.000000	0.000007	0.135382
3.530000	-0.076630	0.006981	1.000000	-0.937661	-0.000112	0.004429	0.000000	0.000000	0.000000	0.000007	-0.031330
3.539000	-0.077182	0.010472	1.000000	0.542309	-0.000053	0.007712	0.000000	0.000000	0.000000	0.000007	0.076088
3.550000	-0.077795	0.010472	1.000000	0.294006	-0.000045	0.006910	0.000000	0.000000	0.000000	0.000007	0.080233
3.560000	-0.078347	0.000000	1.000000	0.209308	0.000058	-0.004257	0.000000	0.000000	0.000000	0.000007	0.217667
3.570000	-0.078924	0.008727	1.000000	0.907211	0.000107	0.005733	0.000000	0.000000	0.000000	0.000007	0.089495
3.579000	-0.079537	0.008727	1.000000	-0.043956	0.000125	0.005289	0.000000	0.000000	0.000000	0.000007	0.058807
3.590000	-0.080261	0.004987	1.000000	-0.833974	0.000053	0.001176	0.000000	0.000000	0.000000	0.000007	-0.029405
3.600000	-0.080960	0.008727	1.000000	-0.970158	0.000061	0.005306	0.000000	0.000000	0.000000	0.000007	-0.011209
3.610000	-0.081696	0.008727	1.000000	0.364736	0.000063	0.005023	0.000000	0.000000	0.000000	0.000007	0.051554
3.619000	-0.082432	0.004987	1.000000	-0.091000	0.000092	0.001059	0.000000	0.000000	0.000000	0.000007	-0.050329
3.630000	-0.083266	0.000000	1.000000	-0.456876	0.000047	-0.003415	0.000000	0.000000	0.000000	0.000007	-0.053033
3.640000	-0.084039	0.000000	1.000000	0.226164	0.000096	-0.002031	0.000000	0.000000	0.000000	0.000007	-0.095090
3.650000	-0.084849	0.000000	1.000000	0.280359	0.000107	-0.000794	0.000000	0.000000	0.000000	0.000007	-0.090466
3.660000	-0.085695	0.000000	1.000000	1.733620	0.000082	0.000283	0.000000	0.000000	0.000000	0.000007	0.072967
3.670000	-0.086676	0.000000	1.000000	0.389185	-0.000086	0.001164	0.000000	0.000000	0.000000	0.000007	0.021682
3.680000	-0.087584	0.000000	1.000000	-1.224408	-0.000132	0.001862	0.000000	0.000000	0.000000	0.000007	0.103136
3.690000	-0.088455	0.000000	1.000000	-0.469522	-0.000133	0.002390	0.000000	0.000000	0.000000	0.000007	0.119048
3.700000	-0.089314	0.000000	1.000000	-0.519813	-0.000125	0.002766	0.000000	0.000000	0.000000	0.000007	-0.046641
3.710000	-0.090246	0.000000	1.000000	-1.181939	-0.000177	0.003054	0.000000	0.000000	0.000000	0.000007	-0.041431
3.720000	-0.091129	0.000000	1.000000	-1.313920	-0.000146	0.003286	0.000000	0.000000	0.000000	0.000007	0.034958
3.730000	-0.092037	0.000000	1.000000	-1.513518	-0.000137	0.003456	0.000000	0.000000	0.000000	0.000007	-0.091330
3.740000	-0.092932	0.000000	1.000000	-0.219960	-0.000092	0.003596	0.000000	0.000000	0.000000	0.000007	-0.027631
3.750000	-0.093889	0.000000	1.000000	0.464643	-0.000105	0.003713	0.000000	0.000000	0.000000	0.000007	0.031832
3.760000	-0.094760	0.000000	1.000000	1.341541	-0.000014	0.003793	0.000000	0.000000	0.000000	0.000007	-0.032756
3.770000	-0.095680	0.000000	1.000000	-0.421299	0.000019	0.003854	0.000000	0.000000	0.000000	0.000007	-0.316662
3.780000	-0.096637	0.000000	1.000000	-0.824817	0.000050	0.003965	0.000000	0.000000	0.000000	0.000007	0.078660
3.789000	-0.097606	-0.008727	1.000000	-0.873129	0.000059	-0.004668	0.000000	0.000000	0.000000	0.000007	0.012736
3.800000	-0.098661	-0.008727	1.000000	2.300300	-0.000027	-0.003056	0.000000	0.000000	0.000000	0.000007	-0.015871
3.810000	-0.099618	-0.004987	1.000000	0.838843	0.000003	0.002071	0.000000	0.000000	0.000000	0.000007	0.080985
3.820000	-0.100599	-0.004987	1.000000	0.371470	-0.000018	0.002547	0.000000	0.000000	0.000000	0.000007	-0.022135
3.829000	-0.101593	-0.004987	1.000000	-0.603279	-0.000049	0.002900	0.000000	0.000000	0.000000	0.000007	0.058642
3.840000	-0.102709	0.000000	1.000000	-0.631985	-0.000201	0.008133	0.000000	0.000000	0.000000	0.000007	0.007442
3.850000	-0.103666	-0.004987	1.000000	1.466176	-0.000132	0.002421	0.000000	0.000000	0.000000	0.000007	0.011195
3.860000	-0.104610	-0.004987	1.000000	0.386878	-0.000059	0.002652	0.000000	0.000000	0.000000	0.000007	0.168016
3.869000	-0.105567	-0.008727	1.000000	-0.641509	-0.000025	-0.000927	0.000000	0.000000	0.000000	0.000007	0.097899
3.880000	-0.106646	-0.004987	1.000000	-0.422417	-0.000129	0.003587	0.000000	0.000000	0.000000	0.000007	-0.245016
3.890000	-0.107640	-0.004987	1.000000	0.152928	-0.000078	0.003636	0.000000	0.000000	0.000000	0.000007	-0.045025
3.900000	-0.108572	0.000000	1.000000	-0.774401	0.000033	0.008684	0.000000	0.000000	0.000000	0.000007	0.070787
3.910000	-0.109517	0.000000	1.000000	-0.133391	0.000104	0.007817	0.000000	0.000000	0.000000	0.000007	0.004870
3.920000	-0.110584	0.000000	1.000000	1.310504	0.000048	0.007049	0.000000	0.000000	0.000000	0.000007	-0.102085
3.930000	-0.111578	-0.010908	1.000000	-0.294066	0.000118	-0.004490	0.000000	0.000000	0.000000	0.000007	0.137557
3.940000	-0.112620	-0.010908	1.000000	-0.210524	0.000109	-0.003076	0.000000	0.000000	0.000000	0.000007	-0.187156
3.950000	-0.113663	-0.008727	1.000000	-0.972805	0.000117	0.000391	0.000000	0.000000	0.000000	0.000007	-0.147468
3.960000	-0.114755	-0.008727	1.000000	-0.575555	0.000076	0.001156	0.000000	0.000000	0.000000	0.000007	0.069554
3.970000	-0.115785	-0.008727	1.000000	-0.275018	0.000088	0.001779	0.000000	0.000000	0.000000	0.000007	0.044940
3.980000	-0.116852	-0.004987	1.000000	-0.853094	0.000040	0.005996	0.000000	0.000000	0.000000	0.000007	-0.067387
3.990000	-0.117944	-0.004987	1.000000	0.566413	-0.000014	0.005706	0.000000	0.000000	0.000000	0.000007	-0.044282
4.000000	-0.119073	-0.004987	1.000000	0.343851	0.119001	0.010424	0.000000	0.000000	0.000000	0.000007	0.108495
4.010000	-0.120091	-0.008727	1.000000	-0.500141	0.078542	0.008617	0.000000	0.000000	0.000000	0.000007	-0.109768
4.020000	-0.121060	-0.008727	1.000000	-1.323720	0.045596	0.005862	0.000000	0.000000	0.000000	0.000007	-0.021325
4.030000	-0.121906	-0.012467	1.000000	0.260024	0.019577	0.002137	0.000000	0.000000	0.000000	0.000007	0.083367
4.039000	-0.122483	-0.010908	1.000000	0.861890	-0.000202	-0.002339	0.000000	0.000000	0.000000	0.000007	0.009702
4.050000	-0.122667	-0.010908	1.000000	1.745445	-0.014483	-0.007177	0.000000	0.000000	0.000000	0.000007	0.017102
4.060000	-0.122618	-0.004987	1.000000	-0.359319	-0.024059	-0.011967	0.000000	0.000000	0.000000	0.000007	-0.101082
4.070000	-0.122299	-0.004987	1.000000	-0.819146	-0.029713	-0.016325	0.000000	0.000000	0.000000	0.000007	-0.053682
4.079000	-0.121550	-0.004987	1.000000	1.106473	-0.032224	-0.019974	0.000000	0.000000	0.000000	0.000007	0.051320
4.090000	-0.120385	-0.012467	1.000000	0.775391	-0.032322	-0.022758	0.000000	0.000000	0.000000	0.000007	0.057495
4.100000	-0.119195	-0.004987	1.000000	0.377455	-0.030650	-0.024588	0.000000	0.000000	0.000000	0.000007	-0.064726
4.110000	-0.117981	-0.004987	1.000000	1.490251	-0.027759	-0.025424	0.000000	0.000000	0.000000	0.000007	-0.124256
4.119000	-0.116828	0.000000	1.000000	-0.197838	-0.024126	-0.025303	0.000000	0.000000	0.000000	0.000007	-0.002054
4.130000	-0.115662	0.010472	1.000000	-0.433630	-0.020160	-0.024365	0.000000	0.000000	0.000000	0.000007	-0.144340
4.140000	-0.114718	0.010472	1.000000	-1.630903	-0.016151	-0.022739	0.000000	0.000000	0.000000	0.000007	0.001074
4.150000	-0.113957	0.017453	1.000000	0.345966	-0.012346	-0.020611	0.000000	0.000000	0.000000	0.000007	0.021657
4.160000	-0.113381	0.017453	1.000000	-0.727703	-0.008902	-0.018163	0.000000	0.000000	0.000000	0.000007	0.072615
4.170000	-0.112927	0.026180	1.000000	1.352576	-0.005915	-0.015557	0.000000	0.000000	0.000000	0.000007	0.024985
4.180000	-0.112633	0.034907	1.000000	-0.429709	-0.003424	-0.012921	0.000000	0.000000	0.000000	0.000007	0.089832
4.190000	-0.112449	0.034907	1.000000	0.231074	-0.001441	-0.010373	0.000000	0.000000	0.000000	0.000007	0.001829
4.200000	-0.112338	0.039270	1.000000	0.354001	0.000071	-0.007989	0.000000	0.000000	0.000000	0.000007	0.089024
4.210000	-0.112301	0.047997	1.000000	0.652453	0.001142	-0.005843	0.000000	0.000000	0.000000	0.000007	-0.056792
4.220000	-0.112314	0.047997	1.000000	-1.431016	0.001848	-0.003956	0.000000	0.000000	0.000000	0.000007	-0.138639
4.230000	-0.112314	0.046542	1.000000	0.066070	0.002252	-0.002323	0.000000	0.000000	0.000000	0.000007	-0.050124
4.240000	-0.112314	0.058178	1.000000	-0.944354	0.002401	-0.000972	0.000000	0.000000	0.000000	0.000007	-0.025366
4.250000	-0.112314	0.058178	1.000000	0.679331	0.002354	0.000086	0.000000	0.000000	0.000000	0.000007	-0.029806
4.260000	-0.112314	0.052360	1.000000	-0.130971	0.002167	0.000869	0.000000	0.000000	0.000000	0.000007	0.094794
4.270000	-0.112314	0.052360	1.000000	0.605729	0.001877	0.001382	0.000000	0.000000	0.000000	0.000007	-0.124911
4.280000	-0.112314	0.052360	1.000000	2.043323	0.001554	0.001701	0.000000	0.000000	0.000000	0.000007	0.098961
4.289000	-0.112314	0.056723	1.000000	-0.287668	0.001203	0.001835	0.000000	0.000000	0.000000	0.000007	-0.004542
4.300000	-0.112301	0.056723	1.000000	-0.915451	0.000866	0.001823	0.000000	0.000000	0.000000	0.000007	-0.102356
4.310000	-0.112289	0.061087	1.000000	0.627347	0.000570	0.001734	0.000000	0.000000	0.000000	0.000007	0.185462
4.320000	-0.112179	0.065450	1.000000	0.110868	0.000293	0.001544	0.000000	0.000000	0.000000	0.000007	0.047441
4.329000	-0.112019	0.065450	1.000000	-0.372135	0.000063	0.001290	0.000000	0.000000	0.000000	0.000007	0.138781
4.340000	-0.111811	0.063995	1.000000	0.573003	-0.000124	0.000999	0.000000	0.000000	0.000000	0.000007	0.076185
4.350000	-0.111602	0.074176	1.000000	0.050944	-0.000260	0.000700	0.000000	0.000000	0.000000	0.000007	-0.112279
4.360000	-0.111357	0.074176	1.000000	-0.798061	-0.000330	0.000457	0.000000	0.000000	0.000000	0.000007	0.119288
4.369000	-0.111099	0.065450	1.000000	-0.086333	-0.000374	0.000239	0.000000	0.000000	0.000000	0.000007	0.091998
4.380000	-0.110805	0.075631	1.000000	-0.220154	-0.000390	0.000034	0.000000	0.000000	0.000000	0.000007	0.006060
4.390000	-0.110547	0.075631	1.000000	1.881357	-0.000375	-0.000129	0.000000	0.000000	0.000000	0.000007	0.000403
4.400000	-0.110277	0.081449	1.000000	0.771466	-0.000338	-0.000242	0.000000	0.000000	0.000000	0.000007	-0.056017
4.410000	-0.110007	0.081449	1.000000	1.129537	-0.000283	-0.000301	0.000000	0.000000	0.000000	0.000007	0.170361
4.420000	-0.109713	0.087266	1.000000	0.699746	-0.000240	-0.000357	0.000000	0.000000	0.000000	0.000007	-0.048051
4.430000	-0.109468	0.082903	1.000000	1.637544	-0.000186	-0.000385	0.000000	0.000000	0.000000	0.000007	-0.026351
4.440000	-0.109235	0.082903	1.000000	2.291256	-0.000129	-0.000374	0.000000	0.000000	0.000000	0.000007	-0.042486
4.450000	-0.109014	0.093084	1.000000	-1.687651	-0.000074	-0.000334	0.000000	0.000000	0.000000	0.000007	-0.139380
4.460000	-0.108769	0.104720	1.000000	0.936935	-0.000014	-0.000255	0.000000	0.000000	0.000000	0.000007	0.023638
4.470000	-0.108572	0.104720	1.000000	0.726016	0.000025	-0.000175	0.000000	0.000000	0.000000	0.000007	-0.011411
4.480000	-0.108364	0.116355	1.000000	0.647722	0.000053	-0.000108	0.000000	0.000000	0.000000	0.000007	-0.228806
4.490000	-0.108167	0.113446	1.000000	-0.184917	0.000091	-0.000006	0.000000	0.000000	0.000000	0.000007	0.107916
4.500000	-0.107947	0.113446	1.000000	-1.036939	0.000097	0.000068	0.000000	0.000000	0.000000	0.000007	0.123927
4.510000	-0.107763	0.122173	1.000000	-0.035674	0.000081	0.000083	0.000000	0.000000	0.000000	0.000007	0.251861
4.520000	-0.107579	0.122173	1.000000	-0.535623	0.000040	0.000027	0.000000	0.000000	0.000000	0.000007	0.006927
4.530000	-0.107370	0.133809	1.000000	-1.328411	0.000013	-0.000038	0.000000	0.000000	0.000000	0.000007	-0.060600
4.539000	-0.107149	0.130900	1.000000	0.099740	0.000002	-0.000070	0.000000	0.000000	0.000000	0.000007	0.042541
4.550000	-0.106892	0.130900	1.000000	-0.751295	-0.000008	-0.000091	0.000000	0.000000	0.000000	0.000007	0.014895
4.560000	-0.106659	0.139626	1.000000	-1.654564	-0.000014	-0.000108	0.000000	0.000000	0.000000	0.000007	-0.079013
4.570000	-0.106426	0.148353	1.000000	-0.835380	-0.000007	-0.000100	0.000000	0.000000	0.000000	0.000007	-0.000282
4.579000	-0.106193	0.148353	1.000000	-0.379115	-0.000001	-0.000081	0.000000	0.000000	0.000000	0.000007	0.072592
4.590000	-0.105923	0.157080	1.000000	-1.377033	-0.000005	-0.000078	0.000000	0.000000	0.000000	0.000007	0.042910
4.600000	-0.105677	0.165806	1.000000	0.468948	-0.000010	-0.000088	0.000000	0.000000	0.000000	0.000007	-0.170455
4.610000	-0.105444	0.165806	1.000000	-0.359776	0.000006	-0.000060	0.000000	0.000000	0.000000	0.000007	0.053897
4.619000	-0.105199	0.180351	1.000000	1.070082	0.000010	-0.000032	0.000000	0.000000	0.000000	0.000007	-0.093565
4.630000	-0.104941	0.191986	1.000000	-0.364729	0.000021	0.000003	0.000000	0.000000	0.000000	0.000007	0.049723
4.640000	-0.104721	0.191986	1.000000	-0.231415	0.000020	0.000027	0.000000	0.000000	0.000000	0.000007	-0.134515
4.650000	-0.104500	0.191986	1.000000	0.179324	0.000032	0.000064	0.000000	0.000000	0.000000	0.000007	0.094175
4.660000	-0.104279	0.191986	1.000000	0.157329	0.000025	0.000081	0.000000	0.000000	0.000000	0.000007	-0.058180
4.670000	-0.104046	0.203622	1.000000	-0.717551	0.000024	0.000090	0.000000	0.000000	0.000000	0.000007	-0.052826
4.680000	-0.103837	0.213803	1.000000	-0.292577	0.000025	0.000108	0.000000	0.000000	0.000000	0.000007	-0.041827
4.690000	-0.103629	0.213803	1.000000	0.578719	0.000026	0.000129	0.000000	0.000000	0.000000	0.000007	-0.000643
4.700000	-0.103433	0.232711	1.000000	-1.250018	0.000023	0.000140	0.000000	0.000000	0.000000	0.000007	-0.092130
4.710000	-0.103199	0.248709	1.000000	-1.890128	0.000026	0.000159	0.000000	0.000000	0.000000	0.000007	0.311153
4.720000	-0.102991	0.248709	1.000000	0.738882	-0.000007	0.000110	0.000000	0.000000	0.000000	0.000007	-0.015262
4.730000	-0.102782	0.261799	1.000000	-1.580046	-0.000026	0.000042	0.000000	0.000000	0.000000	0.000007	0.076827
4.740000	-0.102562	0.279253	1.000000	-2.453669	-0.000044	-0.000022	0.000000	0.000000	0.000000	0.000007	-0.060495
4.750000	-0.102329	0.279253	1.000000	0.066263	-0.000044	-0.000061	0.000000	0.000000	0.000000	0.000007	0.061845
4.760000	-0.102095	0.289725	1.000000	0.446673	-0.000047	-0.000092	0.000000	0.000000	0.000000	0.000007	0.050811
4.770000	-0.101862	0.310669	1.000000	0.399071	-0.000048	-0.000125	0.000000	0.000000	0.000000	0.000007	0.129651
4.780000	-0.101629	0.310669	1.000000	-0.387283	-0.000056	-0.000173	0.000000	0.000000	0.000000	0.000007	0.078779
4.789000	-0.101396	0.331613	1.000000	-0.075743	-0.000062	-0.000225	0.000000	0.000000	0.000000	0.000007	0.014333
4.800000	-0.101126	0.331613	1.000000	0.094196	-0.000059	-0.000261	0.000000	0.000000	0.000000	0.000007	0.019088
4.810000	-0.100869	0.331613	1.000000	0.330062	-0.000050	-0.000276	0.000000	0.000000	0.000000	0.000007	-0.044710
4.820000	-0.100611	0.349066	1.000000	-1.307066	-0.000033	-0.000265	0.000000	0.000000	0.000000	0.000007	-0.010936
4.829000	-0.100354	0.349066	1.000000	1.112809	-0.000015	-0.000237	0.000000	0.000000	0.000000	0.000007	-0.013887
4.840000	-0.100071	0.383972	1.000000	0.581675	0.000001	-0.000200	0.000000	0.000000	0.000000	0.000007	-0.052450
4.850000	-0.099814	0.401426	1.000000	0.617692	0.000019	-0.000151	0.000000	0.000000	0.000000	0.000007	0.065645
4.860000	-0.099581	0.401426	1.000000	-1.284913	0.000023	-0.000116	0.000000	0.000000	0.000000	0.000007	0.101193
4.869000	-0.099348	0.427606	1.000000	-0.473639	0.000016	-0.000112	0.000000	0.000000	0.000000	0.000007	0.062960
4.880000	-0.099090	0.457664	1.000000	-0.434101	0.000005	-0.000125	0.000000	0.000000	0.000000	0.000007	-0.000112
4.890000	-0.098882	0.457664	1.000000	1.349275	0.000000	-0.000134	0.000000	0.000000	0.000000	0.000007	-0.090101
4.900000	-0.098649	0.488692	1.000000	-1.231414	0.000008	-0.000115	0.000000	0.000000	0.000000	0.000007	-0.034756
4.910000	-0.098415	0.488692	1.000000	-0.898202	0.000016	-0.000079	0.000000	0.000000	0.000000	0.000007	-0.057096
4.920000	-0.098170	0.526772	1.000000	-0.595198	0.000026	-0.000035	0.000000	0.000000	0.000000	0.000007	0.039906
4.930000	-0.097962	0.558505	1.000000	0.040468	0.000026	-0.000005	0.000000	0.000000	0.000000	0.000007	-0.069779
4.940000	-0.097741	0.558505	1.000000	1.138474	0.000030	0.000026	0.000000	0.000000	0.000000	0.000007	-0.052384
4.950000	-0.097532	0.593412	1.000000	0.457833	0.000035	0.000064	0.000000	0.000000	0.000000	0.000007	-0.045854
4.960000	-0.097287	0.628319	1.000000	0.438094	0.000038	0.000101	0.000000	0.000000	0.000000	0.000007	-0.155408
4.970000	-0.097078	0.628319	1.000000	0.541474	0.000051	0.000157	0.000000	0.000000	0.000000	0.000007	-0.207589
4.980000	-0.096870	0.690198	1.000000	0.835041	0.000073	0.000244	0.000000	0.000000	0.000000	0.000007	0.037142
4.990000	-0.096674	0.715585	1.000000	1.376959	0.000072	0.000305	0.000000	0.000000	0.000000	0.000007	0.026585
5.000000	-0.096453	0.715585	1.000000	0.160860	0.000059	0.000323	0.000000	0.000000	0.000000	0.000007	0.018576
5.010000	-0.096244	0.780412	1.000000	0.950884	0.000040	0.000311	0.000000	0.000000	0.000000	0.000007	-0.217749
5.020000	-0.096036	0.780412	1.000000	-0.556392	0.000043	0.000327	0.000000	0.000000	0.000000	0.000007	0.195023
