当前时刻	小车位置	摆杆偏角	触发标志	外部高斯	残差1	残差2	残差上界1	残差上界2	残差上界3	残差上界4	水印1	水印2	
0.000000	-0.000270	0.005818	1.000000	2.570582	-0.000270	0.005818	0.000000	0.000000	0.000000	0.000006	-0.052521	0.052871
0.010000	-0.000270	0.010472	1.000000	0.763309	-0.000270	0.010472	0.000000	0.000000	0.000000	0.000006	-0.060862	-0.028860
0.020000	-0.000270	0.010472	0.000000	0.724230	-0.000268	0.010469	0.001010	0.000000	0.000000	0.001016	-0.060862	-0.028860
0.029000	-0.000270	0.010472	0.000000	0.553211	-0.000266	0.010468	0.001010	0.000000	0.000000	0.001016	-0.060862	-0.028860
0.039000	-0.000270	0.010472	0.000000	-0.236094	-0.000265	0.010467	0.001010	0.000000	0.000000	0.001016	-0.060862	-0.028860
0.050000	-0.000270	0.010472	0.000000	0.260038	-0.000263	0.010466	0.001010	0.000000	0.000000	0.001016	-0.060862	-0.028860
0.060000	-0.000270	0.010472	0.000000	1.854184	-0.000261	0.010465	0.001010	0.000000	0.000000	0.001016	-0.060862	-0.028860
0.070000	-0.000270	0.010472	0.000000	0.119222	-0.000259	0.010464	0.001010	0.000000	0.000000	0.001016	-0.060862	-0.028860
0.079000	-0.000270	0.002909	1.000000	-0.246358	-0.000257	0.002900	0.000000	0.000000	0.000000	0.000006	-0.073440	-0.024363
0.090000	-0.000270	0.002909	0.000000	-0.233376	-0.000114	0.002767	0.001010	0.000000	0.000000	0.001016	-0.073440	-0.024363
0.100000	-0.000270	0.006981	1.000000	1.108265	-0.000085	0.006832	0.000001	0.000000	0.000000	0.000006	0.025975	-0.002888
0.110000	-0.000270	0.006981	0.000000	2.491592	-0.000001	0.006269	0.001010	0.000000	0.000000	0.001016	0.025975	-0.002888
0.119000	-0.000270	0.017453	1.000000	-0.979618	0.000053	0.016702	0.000001	0.000000	0.000000	0.000006	0.152044	0.160115
0.130000	-0.000270	0.006981	1.000000	-2.048887	0.000110	0.004100	0.000000	0.000000	0.000000	0.000006	0.047855	-0.068183
0.140000	-0.000270	0.006981	0.000000	-0.590798	0.000178	0.003393	0.001010	0.000000	0.000000	0.001017	0.047855	-0.068183
0.150000	-0.000270	0.002909	1.000000	0.632102	0.000318	-0.000781	0.000000	0.000000	0.000000	0.000007	0.014362	0.059181
0.159000	-0.000282	-0.003491	1.000000	0.617709	0.000319	-0.007066	0.000000	0.000000	0.000000	0.000007	0.019174	-0.190985
0.170000	-0.000307	-0.003491	0.000000	0.372421	0.000338	-0.005705	0.001010	0.000000	0.000000	0.001017	0.019174	-0.190985
0.180000	-0.000417	-0.003491	0.000000	0.125467	0.000476	-0.005554	0.001010	0.000000	0.000000	0.001017	0.019174	-0.190985
0.190000	-0.000577	0.000000	1.000000	-1.566357	0.000323	-0.001905	0.000001	0.000000	0.000000	0.000007	-0.114029	-0.022441
0.199000	-0.000748	0.000000	0.000000	0.424883	0.000283	-0.001252	0.001010	0.000000	0.000000	0.001017	-0.114029	-0.022441
0.210000	-0.000920	0.000000	0.000000	-0.340618	0.000396	-0.001075	0.001011	0.000000	0.000000	0.001018	-0.114029	-0.022441
0.220000	-0.001067	0.000000	0.000000	0.438926	0.000506	-0.000909	0.001011	0.000000	0.000000	0.001018	-0.114029	-0.022441
0.230000	-0.001214	0.000000	0.000000	0.539371	0.000613	-0.000754	0.001011	0.000000	0.000000	0.001019	-0.114029	-0.022441
0.239000	-0.001349	0.004987	1.000000	-1.046723	-0.000055	0.004378	0.000001	0.000000	0.000000	0.000009	0.155805	-0.150304
0.250000	-0.001497	0.004987	0.000000	-0.907624	0.000105	0.002717	0.001011	0.000000	0.000000	0.001018	0.155805	-0.150304
0.260000	-0.001631	0.000000	1.000000	0.157851	-0.000041	-0.002219	0.000001	0.000000	0.000000	0.000009	-0.023353	-0.076640
0.270000	-0.001791	0.004987	1.000000	-0.954115	-0.000038	0.003679	0.000000	0.000000	0.000000	0.000008	-0.039531	-0.094155
0.279000	-0.001950	0.004987	0.000000	0.777303	0.000134	0.002679	0.001010	0.000000	0.000000	0.001018	-0.039531	-0.094155
0.289000	-0.002122	0.010472	1.000000	0.506832	-0.000031	0.008257	0.000000	0.000000	0.000000	0.000008	0.169047	0.075548
0.300000	-0.002318	0.000000	1.000000	1.671552	-0.000014	-0.004625	0.000000	0.000000	0.000000	0.000007	-0.007416	-0.145075
0.310000	-0.002527	0.000000	0.000000	-0.216309	0.000209	-0.003336	0.001010	0.000000	0.000000	0.001017	-0.007416	-0.145075
0.320000	-0.002748	0.000000	0.000000	-0.059779	0.000440	-0.003176	0.001010	0.000000	0.000000	0.001018	-0.007416	-0.145075
0.329000	-0.002981	0.000000	0.000000	0.638696	0.000684	-0.002986	0.001011	0.000000	0.000000	0.001018	-0.007416	-0.145075
0.340000	-0.003275	0.000000	0.000000	0.298773	0.000936	-0.002773	0.001011	0.000000	0.000000	0.001019	-0.007416	-0.145075
0.350000	-0.003545	0.006981	1.000000	-1.654021	-0.000030	0.004441	0.000001	0.000000	0.000000	0.000009	-0.047879	0.142750
0.360000	-0.003815	0.006981	0.000000	1.471402	0.000274	0.002918	0.001011	0.000000	0.000000	0.001018	-0.047879	0.142750
0.369000	-0.004097	0.000000	1.000000	-1.911083	0.000027	-0.003886	0.000001	0.000000	0.000000	0.000009	0.068225	0.099792
0.380000	-0.004404	0.000000	0.000000	-0.542057	0.000318	-0.002256	0.001010	0.000000	0.000000	0.001018	0.068225	0.099792
0.390000	-0.004698	0.000000	0.000000	-0.427640	0.000626	-0.001946	0.001011	0.000000	0.000000	0.001018	0.068225	0.099792
0.400000	-0.005005	0.000000	0.000000	-0.329504	0.000936	-0.001637	0.001011	0.000000	0.000000	0.001019	0.068225	0.099792
0.409000	-0.005299	0.000000	0.000000	1.333399	0.001245	-0.001330	0.001011	0.000000	0.000000	0.001020	0.068225	0.099792
0.420000	-0.005643	0.000000	0.000000	0.009772	0.001554	-0.001027	0.001011	0.000000	0.000000	0.001020	0.068225	0.099792
0.430000	-0.005962	0.000000	0.000000	0.279931	0.001861	-0.000730	0.001011	0.000000	0.000000	0.001021	0.068225	0.099792
0.440000	-0.006268	0.000000	0.000000	1.237356	0.002165	-0.000440	0.001011	0.000000	0.000000	0.001022	0.068225	0.099792
0.449000	-0.006587	0.000000	0.000000	-0.759678	0.002467	-0.000159	0.001011	0.000000	0.000000	0.001023	0.068225	0.099792
0.460000	-0.006943	0.000000	0.000000	-1.006767	0.002764	0.000112	0.001012	0.000000	0.000000	0.001024	0.068225	0.099792
0.470000	-0.007274	0.000000	1.000000	-0.736726	-0.000120	0.000372	0.000002	0.000000	0.000000	0.000015	0.047844	-0.001368
0.480000	-0.007605	0.000000	0.000000	1.914865	0.000288	0.000377	0.001011	0.000000	0.000000	0.001020	0.047844	-0.001368
0.489000	-0.007949	0.000000	0.000000	0.046076	0.000591	0.000611	0.001011	0.000000	0.000000	0.001021	0.047844	-0.001368
0.500000	-0.008317	0.000000	0.000000	1.079801	0.000892	0.000840	0.001011	0.000000	0.000000	0.001021	0.047844	-0.001368
0.510000	-0.008648	-0.008727	1.000000	-0.730471	-0.000185	-0.007665	0.000001	0.000000	0.000000	0.000012	-0.110252	-0.012487
0.520000	-0.008967	-0.004987	1.000000	-0.467269	-0.000106	0.000611	0.000000	0.000000	0.000000	0.000009	0.124019	0.031633
0.529000	-0.009274	-0.004987	0.000000	-0.487644	0.000189	0.000713	0.001010	0.000000	0.000000	0.001018	0.124019	0.031633
0.539000	-0.009556	0.000000	1.000000	-1.220745	-0.000182	0.005959	0.000000	0.000000	0.000000	0.000008	0.134064	-0.010455
0.550000	-0.009826	-0.003491	1.000000	-0.626691	-0.000150	0.000537	0.000000	0.000000	0.000000	0.000008	0.001390	0.154014
0.560000	-0.010046	-0.003491	0.000000	-1.678300	0.000131	0.000456	0.001010	0.000000	0.000000	0.001018	0.001390	0.154014
0.570000	-0.010255	-0.004987	0.000000	0.523416	0.000349	0.000519	0.001010	0.000000	0.000000	0.001018	0.001390	0.154014
0.579000	-0.010451	-0.004987	0.000000	0.791091	0.000562	0.000577	0.001011	0.000000	0.000000	0.001018	0.001390	0.154014
0.590000	-0.010660	-0.004987	0.000000	1.110627	0.000769	0.000629	0.001011	0.000000	0.000000	0.001019	0.001390	0.154014
0.600000	-0.010844	-0.008727	1.000000	-0.894108	-0.000048	-0.004560	0.000001	0.000000	0.000000	0.000009	0.178470	-0.019868
0.610000	-0.011028	-0.008727	0.000000	-0.313526	0.000167	-0.002630	0.001011	0.000000	0.000000	0.001018	0.178470	-0.019868
0.619000	-0.011199	-0.008727	0.000000	0.219322	0.000330	-0.002519	0.001011	0.000000	0.000000	0.001019	0.178470	-0.019868
0.630000	-0.011383	-0.004987	1.000000	-0.917517	-0.000065	0.001295	0.000001	0.000000	0.000000	0.000009	0.210096	-0.017124
0.640000	-0.011531	-0.004987	0.000000	0.650618	0.000111	0.000795	0.001010	0.000000	0.000000	0.001018	0.210096	-0.017124
0.650000	-0.011666	0.000000	1.000000	-2.275925	-0.000044	0.005767	0.000001	0.000000	0.000000	0.000009	-0.202239	-0.051474
0.659000	-0.011788	-0.008727	1.000000	-0.330935	-0.000007	-0.005117	0.000000	0.000000	0.000000	0.000008	0.087098	-0.045968
0.670000	-0.011911	-0.008727	0.000000	-1.719550	0.000127	-0.003666	0.001010	0.000000	0.000000	0.001018	0.087098	-0.045968
0.680000	-0.012009	-0.004987	1.000000	-0.712910	0.000031	0.000050	0.000000	0.000000	0.000000	0.000008	0.160999	0.045285
0.690000	-0.012119	-0.004987	0.000000	0.612788	0.000134	-0.000002	0.001010	0.000000	0.000000	0.001018	0.160999	0.045285
0.699000	-0.012218	-0.004987	0.000000	1.122767	0.000243	-0.000044	0.001010	0.000000	0.000000	0.001018	0.160999	0.045285
0.710000	-0.012328	-0.004987	0.000000	-0.338521	0.000346	-0.000090	0.001011	0.000000	0.000000	0.001018	0.160999	0.045285
0.720000	-0.012426	-0.004987	0.000000	0.002298	0.000444	-0.000140	0.001011	0.000000	0.000000	0.001019	0.160999	0.045285
0.730000	-0.012512	0.000000	1.000000	-0.604115	0.000032	0.004794	0.000001	0.000000	0.000000	0.000009	0.099607	0.009756
0.739000	-0.012586	-0.008727	1.000000	1.049160	0.000038	-0.006029	0.000000	0.000000	0.000000	0.000008	0.014203	-0.138706
0.750000	-0.012659	-0.008727	0.000000	0.387677	0.000112	-0.004123	0.001010	0.000000	0.000000	0.001018	0.014203	-0.138706
0.760000	-0.012745	-0.004987	1.000000	-0.492424	0.000035	-0.000399	0.000000	0.000000	0.000000	0.000008	0.057271	-0.109791
0.770000	-0.012819	0.000000	1.000000	0.384917	0.000019	0.004684	0.000000	0.000000	0.000000	0.000008	0.030692	-0.016226
0.779000	-0.012892	0.000000	0.000000	-1.249219	0.000087	0.003336	0.001010	0.000000	0.000000	0.001017	0.030692	-0.016226
0.789000	-0.012941	-0.008727	1.000000	0.426740	0.000043	-0.005490	0.000000	0.000000	0.000000	0.000008	-0.095587	-0.065862
0.800000	-0.013015	-0.008727	0.000000	0.829119	0.000089	-0.003996	0.001010	0.000000	0.000000	0.001018	-0.095587	-0.065862
0.810000	-0.013064	-0.008727	0.000000	0.515378	0.000141	-0.003994	0.001010	0.000000	0.000000	0.001018	-0.095587	-0.065862
0.820000	-0.013125	-0.004987	1.000000	-0.432938	-0.000001	-0.000268	0.000001	0.000000	0.000000	0.000008	0.059566	0.146907
0.829000	-0.013162	-0.004987	0.000000	-0.622464	0.000031	-0.000218	0.001010	0.000000	0.000000	0.001018	0.059566	0.146907
0.840000	-0.013199	0.000000	1.000000	-0.235693	-0.000020	0.004721	0.000001	0.000000	0.000000	0.000008	0.034245	0.039433
0.850000	-0.013236	0.000000	0.000000	-0.313035	0.000018	0.003138	0.001010	0.000000	0.000000	0.001018	0.034245	0.039433
0.860000	-0.013248	0.000000	0.000000	0.032995	0.000051	0.003004	0.001011	0.000000	0.000000	0.001018	0.034245	0.039433
0.869000	-0.013260	0.000000	0.000000	-0.301214	0.000087	0.002887	0.001011	0.000000	0.000000	0.001019	0.034245	0.039433
0.880000	-0.013285	0.000000	0.000000	-0.995705	0.000125	0.002786	0.001011	0.000000	0.000000	0.001019	0.034245	0.039433
0.890000	-0.013297	0.000000	0.000000	-0.117269	0.000165	0.002698	0.001011	0.000000	0.000000	0.001020	0.034245	0.039433
0.900000	-0.013297	0.000000	0.000000	1.099553	0.000207	0.002620	0.001011	0.000000	0.000000	0.001021	0.034245	0.039433
0.909000	-0.013334	-0.004987	1.000000	-0.782656	0.000115	-0.002437	0.000001	0.000000	0.000000	0.000011	0.081151	0.007979
0.920000	-0.013358	-0.004987	0.000000	-0.292310	0.000049	-0.001197	0.001011	0.000000	0.000000	0.001019	0.081151	0.007979
0.930000	-0.013383	-0.004987	0.000000	-1.376824	0.000061	-0.001192	0.001011	0.000000	0.000000	0.001020	0.081151	0.007979
0.940000	-0.013395	-0.008727	1.000000	-0.356110	0.000002	-0.004943	0.000001	0.000000	0.000000	0.000010	0.101780	-0.108745
0.949000	-0.013395	-0.008727	0.000000	-1.505035	-0.000025	-0.002647	0.001010	0.000000	0.000000	0.001019	0.101780	-0.108745
0.960000	-0.013420	-0.014960	1.000000	0.400182	-0.000100	-0.008839	0.000001	0.000000	0.000000	0.000009	0.246084	0.102957
0.970000	-0.013407	-0.014960	0.000000	-1.056759	-0.000146	-0.005328	0.001010	0.000000	0.000000	0.001018	0.246084	0.102957
0.980000	-0.013407	-0.011636	1.000000	0.216178	-0.000276	-0.001934	0.000001	0.000000	0.000000	0.000008	0.000495	0.055405
0.989000	-0.013407	-0.008727	0.000000	0.469107	-0.000317	-0.001278	0.001010	0.000000	0.000000	0.001018	0.000495	0.055405
1.000000	-0.013395	-0.008727	0.000000	-1.052472	-0.000528	-0.001373	0.001011	0.000000	0.000000	0.001018	0.000495	0.055405
1.010000	-0.013371	-0.014960	1.000000	0.036597	-0.000736	-0.004871	0.000001	0.000000	0.000000	0.000009	-0.055687	-0.000313
1.020000	-0.013285	-0.008727	1.000000	-0.878695	-0.000490	0.002959	0.000000	0.000000	0.000000	0.000008	-0.078920	0.024543
1.029000	-0.013138	-0.008727	0.000000	-0.134907	-0.000521	0.001820	0.001010	0.000000	0.000000	0.001018	-0.078920	0.024543
1.039000	-0.012917	-0.008727	0.000000	0.590958	-0.000782	0.001494	0.001010	0.000000	0.000000	0.001018	-0.078920	0.024543
1.050000	-0.012561	-0.004987	1.000000	0.724924	-0.000341	0.004869	0.000001	0.000000	0.000000	0.000008	-0.031446	-0.073471
1.060000	-0.012205	-0.004987	0.000000	-0.395337	-0.000427	0.002800	0.001010	0.000000	0.000000	0.001018	-0.031446	-0.073471
1.070000	-0.011813	0.000000	1.000000	1.328352	0.000057	0.007308	0.000001	0.000000	0.000000	0.000008	-0.131966	0.163353
1.079000	-0.011433	0.000000	0.000000	-2.401054	-0.000219	0.004438	0.001010	0.000000	0.000000	0.001018	-0.131966	0.163353
1.090000	-0.011003	0.000000	0.000000	-1.669607	-0.000452	0.003897	0.001011	0.000000	0.000000	0.001018	-0.131966	0.163353
1.100000	-0.010647	0.000000	0.000000	1.232289	-0.000669	0.003414	0.001011	0.000000	0.000000	0.001019	-0.131966	0.163353
1.110000	-0.010304	0.000000	0.000000	1.697064	-0.000872	0.002980	0.001011	0.000000	0.000000	0.001019	-0.131966	0.163353
1.119000	-0.009961	0.000000	0.000000	0.266924	-0.001063	0.002592	0.001011	0.000000	0.000000	0.001020	-0.131966	0.163353
1.130000	-0.009605	0.000000	0.000000	0.247362	-0.001243	0.002244	0.001011	0.000000	0.000000	0.001021	-0.131966	0.163353
1.140000	-0.009286	0.000000	0.000000	0.810149	-0.001413	0.001932	0.001011	0.000000	0.000000	0.001021	-0.131966	0.163353
1.150000	-0.008991	0.000000	0.000000	1.434332	-0.001574	0.001652	0.001011	0.000000	0.000000	0.001022	-0.131966	0.163353
1.159000	-0.008685	0.000000	0.000000	1.048079	-0.001726	0.001401	0.001012	0.000000	0.000000	0.001024	-0.131966	0.163353
1.170000	-0.008378	0.000000	1.000000	0.583327	0.001565	0.001175	0.000002	0.000000	0.000000	0.000015	-0.199035	-0.077414
1.180000	-0.008084	0.000000	0.000000	0.121018	-0.000048	0.000206	0.001011	0.000000	0.000000	0.001020	-0.199035	-0.077414
1.190000	-0.007802	0.000000	0.000000	0.889196	-0.000301	-0.000018	0.001011	0.000000	0.000000	0.001020	-0.199035	-0.077414
1.199000	-0.007519	0.000000	0.000000	-0.589802	-0.000549	-0.000224	0.001011	0.000000	0.000000	0.001021	-0.199035	-0.077414
1.210000	-0.007213	0.004987	1.000000	1.583176	0.000374	0.004575	0.000001	0.000000	0.000000	0.000012	-0.071350	0.083522
1.220000	-0.006931	0.000000	1.000000	-0.011049	0.000160	-0.003146	0.000000	0.000000	0.000000	0.000009	0.102430	-0.180014
1.230000	-0.006661	0.000000	0.000000	-0.837030	-0.000154	-0.002137	0.001010	0.000000	0.000000	0.001018	0.102430	-0.180014
1.239000	-0.006415	0.004987	1.000000	0.950171	0.000131	0.002700	0.000000	0.000000	0.000000	0.000008	0.144244	0.067134
1.250000	-0.006158	0.004987	0.000000	1.508542	-0.000148	0.001603	0.001010	0.000000	0.000000	0.001018	0.144244	0.067134
1.260000	-0.005949	0.005818	0.000000	0.355199	-0.000353	0.001455	0.001011	0.000000	0.000000	0.001018	0.144244	0.067134
1.270000	-0.005753	0.000000	1.000000	1.048006	0.000119	-0.003646	0.000001	0.000000	0.000000	0.000009	-0.040927	0.021670
1.279000	-0.005581	0.000000	0.000000	0.763992	-0.000142	-0.002368	0.001010	0.000000	0.000000	0.001018	-0.040927	0.021670
1.289000	-0.005422	0.010472	1.000000	0.675344	-0.000009	0.008098	0.000001	0.000000	0.000000	0.000008	0.021293	-0.180533
1.300000	-0.005238	0.004987	1.000000	0.648179	0.000009	-0.000196	0.000000	0.000000	0.000000	0.000008	-0.053732	-0.090232
1.310000	-0.005091	0.004987	0.000000	0.450884	-0.000144	-0.000250	0.001010	0.000000	0.000000	0.001018	-0.053732	-0.090232
1.320000	-0.004956	0.004987	0.000000	-0.909016	-0.000272	-0.000310	0.001010	0.000000	0.000000	0.001018	-0.053732	-0.090232
1.329000	-0.004833	0.000000	1.000000	1.094465	0.000022	-0.005316	0.000001	0.000000	0.000000	0.000008	-0.045589	0.048218
1.340000	-0.004723	0.000000	0.000000	1.851609	-0.000101	-0.003538	0.001010	0.000000	0.000000	0.001018	-0.045589	0.048218
1.350000	-0.004649	0.000000	0.000000	-2.124808	-0.000212	-0.003423	0.001011	0.000000	0.000000	0.001018	-0.045589	0.048218
1.360000	-0.004563	0.000000	0.000000	-0.744944	-0.000322	-0.003315	0.001011	0.000000	0.000000	0.001019	-0.045589	0.048218
1.369000	-0.004502	0.010472	1.000000	0.114420	-0.000101	0.007261	0.000001	0.000000	0.000000	0.000009	-0.164712	-0.326894
1.380000	-0.004416	0.004987	1.000000	1.118192	-0.000026	-0.001073	0.000000	0.000000	0.000000	0.000008	-0.088908	-0.045295
1.390000	-0.004355	0.004987	0.000000	-0.874437	-0.000066	-0.000743	0.001010	0.000000	0.000000	0.001018	-0.088908	-0.045295
1.400000	-0.004293	0.000000	1.000000	-0.133597	0.000024	-0.005687	0.000000	0.000000	0.000000	0.000008	0.063436	0.038234
1.409000	-0.004257	0.010472	1.000000	0.128463	0.000017	0.006672	0.000000	0.000000	0.000000	0.000008	0.029667	0.148917
1.420000	-0.004232	0.010472	0.000000	0.118047	-0.000007	0.005003	0.001010	0.000000	0.000000	0.001017	0.029667	0.148917
1.430000	-0.004220	0.010472	0.000000	0.491100	-0.000010	0.005089	0.001010	0.000000	0.000000	0.001018	0.029667	0.148917
1.440000	-0.004232	0.004987	1.000000	-0.969737	0.000026	-0.000286	0.000001	0.000000	0.000000	0.000008	0.113630	-0.131368
1.449000	-0.004220	0.004987	0.000000	0.012394	0.000033	-0.000052	0.001010	0.000000	0.000000	0.001018	0.113630	-0.131368
1.460000	-0.004232	0.000000	1.000000	0.811396	0.000063	-0.004877	0.000001	0.000000	0.000000	0.000008	-0.096914	-0.074470
1.470000	-0.004232	0.000000	0.000000	0.098849	0.000053	-0.003159	0.001010	0.000000	0.000000	0.001018	-0.096914	-0.074470
1.480000	-0.004232	0.000000	0.000000	0.328383	0.000068	-0.002912	0.001011	0.000000	0.000000	0.001018	-0.096914	-0.074470
1.489000	-0.004232	0.000000	0.000000	-0.777512	0.000079	-0.002686	0.001011	0.000000	0.000000	0.001019	-0.096914	-0.074470
1.500000	-0.004232	0.000000	0.000000	-0.146748	0.000085	-0.002479	0.001011	0.000000	0.000000	0.001019	-0.096914	-0.074470
1.510000	-0.004232	0.000000	0.000000	-2.377073	0.000088	-0.002289	0.001011	0.000000	0.000000	0.001020	-0.096914	-0.074470
1.520000	-0.004244	0.000000	0.000000	-0.015875	0.000088	-0.002114	0.001011	0.000000	0.000000	0.001020	-0.096914	-0.074470
1.529000	-0.004244	0.000000	0.000000	1.460258	0.000086	-0.001952	0.001011	0.000000	0.000000	0.001021	-0.096914	-0.074470
1.539000	-0.004244	0.000000	0.000000	0.188649	0.000080	-0.001802	0.001011	0.000000	0.000000	0.001022	-0.096914	-0.074470
1.550000	-0.004244	0.000000	0.000000	-2.395868	0.000073	-0.001663	0.001012	0.000000	0.000000	0.001023	-0.096914	-0.074470
1.560000	-0.004244	0.000000	0.000000	1.934528	0.000063	-0.001534	0.001012	0.000000	0.000000	0.001025	-0.096914	-0.074470
1.570000	-0.004244	0.000000	0.000000	0.330553	0.000051	-0.001413	0.001012	0.000000	0.000000	0.001026	-0.096914	-0.074470
1.579000	-0.004244	0.000000	0.000000	1.565643	0.000037	-0.001300	0.001013	0.000000	0.000000	0.001028	-0.096914	-0.074470
1.590000	-0.004244	0.000000	0.000000	-1.544063	0.000021	-0.001194	0.001013	0.000000	0.000000	0.001030	-0.096914	-0.074470
1.600000	-0.004244	0.000000	0.000000	-0.809412	0.000004	-0.001095	0.001014	0.000000	0.000000	0.001032	-0.096914	-0.074470
1.610000	-0.004257	0.000000	0.000000	0.249414	-0.000014	-0.001002	0.001014	0.000000	0.000000	0.001034	-0.096914	-0.074470
1.619000	-0.004244	0.000000	0.000000	1.129740	-0.000035	-0.000914	0.001015	0.000000	0.000000	0.001037	-0.096914	-0.074470
1.630000	-0.004257	0.000000	0.000000	-0.026434	-0.000056	-0.000832	0.001016	0.000000	0.000000	0.001040	-0.096914	-0.074470
1.640000	-0.004257	0.000000	0.000000	1.677697	-0.000079	-0.000755	0.001017	0.000000	0.000000	0.001043	-0.096914	-0.074470
1.650000	-0.004281	0.000000	0.000000	-0.021011	-0.000103	-0.000682	0.001018	0.000000	0.000000	0.001046	-0.096914	-0.074470
1.659000	-0.004293	0.000000	0.000000	-0.536472	-0.000128	-0.000614	0.001019	0.000000	0.000000	0.001050	-0.096914	-0.074470
1.670000	-0.004293	0.000000	0.000000	1.276896	-0.000154	-0.000551	0.001020	0.000000	0.000000	0.001054	-0.096914	-0.074470
1.680000	-0.004293	0.004987	1.000000	0.443077	-0.000242	0.004495	0.000011	0.000000	0.000000	0.000047	0.075581	-0.204511
1.690000	-0.004293	0.005818	0.000000	0.127219	0.000009	0.000387	0.001011	0.000000	0.000000	0.001021	0.075581	-0.204511
1.699000	-0.004293	0.005818	0.000000	-1.126578	0.000052	0.000312	0.001011	0.000000	0.000000	0.001022	0.075581	-0.204511
1.710000	-0.004306	0.017453	1.000000	0.388939	0.000108	0.012766	0.000001	0.000000	0.000000	0.000013	-0.043803	-0.058893
1.720000	-0.004355	0.017453	0.000000	0.519884	0.000182	0.005220	0.001010	0.000000	0.000000	0.001019	-0.043803	-0.058893
1.730000	-0.004428	0.002909	1.000000	0.160207	0.000271	-0.009461	0.000001	0.000000	0.000000	0.000010	0.012889	-0.051107
1.739000	-0.004551	0.002909	0.000000	1.027176	0.000352	-0.005184	0.001010	0.000000	0.000000	0.001018	0.012889	-0.051107
1.750000	-0.004772	0.002909	0.000000	0.273153	0.000594	-0.004880	0.001011	0.000000	0.000000	0.001019	0.012889	-0.051107
1.760000	-0.005005	0.004987	0.000000	0.450320	0.000857	-0.004535	0.001011	0.000000	0.000000	0.001019	0.012889	-0.051107
1.770000	-0.005262	0.010472	1.000000	0.844362	0.000302	0.003407	0.000001	0.000000	0.000000	0.000010	0.071918	0.149856
1.779000	-0.005520	0.010472	0.000000	-1.102400	0.000387	0.002227	0.001011	0.000000	0.000000	0.001019	0.071918	0.149856
1.789000	-0.005814	0.000000	1.000000	-1.283689	0.000136	-0.007902	0.000001	0.000000	0.000000	0.000009	0.041323	-0.113032
1.800000	-0.006170	0.000000	0.000000	-1.188348	0.000347	-0.004428	0.001010	0.000000	0.000000	0.001018	0.041323	-0.113032
1.810000	-0.006514	0.000000	0.000000	1.444666	0.000623	-0.003905	0.001011	0.000000	0.000000	0.001019	0.041323	-0.113032
1.820000	-0.006857	0.010472	1.000000	0.564542	-0.000151	0.007059	0.000001	0.000000	0.000000	0.000009	0.054166	0.054970
1.829000	-0.007213	0.010472	0.000000	2.363674	0.000232	0.004730	0.001010	0.000000	0.000000	0.001018	0.054166	0.054970
1.840000	-0.007605	0.004987	1.000000	-0.991782	-0.000203	-0.000435	0.000001	0.000000	0.000000	0.000008	0.004162	0.005592
1.850000	-0.007986	0.000000	1.000000	-1.481866	-0.000143	-0.004908	0.000000	0.000000	0.000000	0.000008	0.036349	-0.058711
1.860000	-0.008390	0.000000	0.000000	-0.706622	0.000258	-0.003057	0.001010	0.000000	0.000000	0.001018	0.036349	-0.058711
1.869000	-0.008783	0.002909	0.000000	-0.117584	0.000599	-0.002603	0.001010	0.000000	0.000000	0.001018	0.036349	-0.058711
1.880000	-0.009200	-0.003491	1.000000	0.263775	-0.000278	-0.005657	0.000001	0.000000	0.000000	0.000008	0.064637	-0.174225
1.890000	-0.009580	-0.003491	0.000000	-1.506508	0.000200	-0.003333	0.001010	0.000000	0.000000	0.001018	0.064637	-0.174225
1.900000	-0.009948	0.000000	1.000000	0.274549	-0.000229	0.000634	0.000001	0.000000	0.000000	0.000008	-0.033166	-0.068454
1.909000	-0.010304	0.005818	1.000000	0.917790	-0.000155	0.006665	0.000000	0.000000	0.000000	0.000008	-0.032558	-0.068729
1.920000	-0.010672	0.005818	0.000000	0.229345	0.000239	0.005162	0.001010	0.000000	0.000000	0.001017	-0.032558	-0.068729
1.930000	-0.010991	0.000000	1.000000	0.671534	-0.000112	-0.000396	0.000000	0.000000	0.000000	0.000008	0.016807	0.142089
1.940000	-0.011322	0.000000	0.000000	-0.375159	0.000279	-0.000010	0.001010	0.000000	0.000000	0.001018	0.016807	0.142089
1.949000	-0.011641	0.000000	0.000000	0.963474	0.000622	0.000270	0.001010	0.000000	0.000000	0.001018	0.016807	0.142089
1.960000	-0.012021	0.000000	0.000000	-0.372729	0.000964	0.000546	0.001011	0.000000	0.000000	0.001018	0.016807	0.142089
1.970000	-0.012365	0.000000	0.000000	0.499129	0.001303	0.000819	0.001011	0.000000	0.000000	0.001019	0.016807	0.142089
1.980000	-0.012708	0.000000	0.000000	-0.810123	0.001640	0.001084	0.001011	0.000000	0.000000	0.001019	0.016807	0.142089
1.989000	-0.013052	0.000000	0.000000	-0.749904	0.001973	0.001342	0.001011	0.000000	0.000000	0.001020	0.016807	0.142089
2.000000	-0.013444	0.000000	0.000000	0.028631	0.002301	0.001591	0.001011	0.000000	0.000000	0.001021	0.016807	0.142089
2.010000	-0.013788	-0.003491	1.000000	-2.590028	-0.000172	-0.001661	0.000001	0.000000	0.000000	0.000012	0.032735	0.087306
2.020000	-0.014119	-0.003491	0.000000	-0.415090	0.000293	-0.000512	0.001011	0.000000	0.000000	0.001019	0.032735	0.087306
2.029000	-0.014426	-0.003491	0.000000	-0.247010	0.000609	-0.000247	0.001011	0.000000	0.000000	0.001020	0.032735	0.087306
2.039000	-0.014732	0.000000	1.000000	-0.248598	-0.000030	0.003484	0.000001	0.000000	0.000000	0.000010	0.038141	-0.026033
2.050000	-0.015051	0.000000	0.000000	0.630180	0.000299	0.002030	0.001010	0.000000	0.000000	0.001019	0.038141	-0.026033
2.060000	-0.015333	0.000000	0.000000	-1.981846	0.000613	0.002167	0.001011	0.000000	0.000000	0.001019	0.038141	-0.026033
2.070000	-0.015603	0.000000	0.000000	-1.313775	0.000927	0.002312	0.001011	0.000000	0.000000	0.001020	0.038141	-0.026033
2.079000	-0.015885	0.000000	0.000000	0.121850	0.001241	0.002463	0.001011	0.000000	0.000000	0.001021	0.038141	-0.026033
2.090000	-0.016192	0.000000	0.000000	1.217902	0.001553	0.002616	0.001011	0.000000	0.000000	0.001021	0.038141	-0.026033
2.100000	-0.016486	-0.004987	1.000000	0.034294	0.000110	-0.002217	0.000001	0.000000	0.000000	0.000012	0.160689	-0.084950
2.110000	-0.016769	-0.004987	0.000000	0.609496	0.000318	-0.000789	0.001011	0.000000	0.000000	0.001019	0.160689	-0.084950
2.119000	-0.017063	0.000000	1.000000	0.534448	0.000018	0.004406	0.000001	0.000000	0.000000	0.000010	-0.055832	-0.142687
2.130000	-0.017370	0.000000	0.000000	-1.529569	0.000287	0.002632	0.001010	0.000000	0.000000	0.001018	-0.055832	-0.142687
2.140000	-0.017664	0.000000	0.000000	0.147070	0.000569	0.002723	0.001011	0.000000	0.000000	0.001019	-0.055832	-0.142687
2.150000	-0.017946	0.000000	0.000000	0.355888	0.000853	0.002824	0.001011	0.000000	0.000000	0.001020	-0.055832	-0.142687
2.159000	-0.018241	0.000000	0.000000	-0.157911	0.001136	0.002934	0.001011	0.000000	0.000000	0.001020	-0.055832	-0.142687
2.170000	-0.018559	0.000000	0.000000	0.955350	0.001419	0.003048	0.001011	0.000000	0.000000	0.001021	-0.055832	-0.142687
2.180000	-0.018854	-0.003491	1.000000	0.234535	-0.000091	-0.000327	0.000001	0.000000	0.000000	0.000012	0.047238	0.133112
2.190000	-0.019136	0.000000	1.000000	-0.552641	-0.000021	0.003478	0.000001	0.000000	0.000000	0.000009	-0.109370	-0.131165
2.199000	-0.019406	0.000000	0.000000	-0.623221	0.000284	0.002251	0.001010	0.000000	0.000000	0.001018	-0.109370	-0.131165
2.210000	-0.019688	0.000000	0.000000	0.238594	0.000584	0.002344	0.001011	0.000000	0.000000	0.001019	-0.109370	-0.131165
2.220000	-0.019958	0.000000	0.000000	1.056112	0.000889	0.002456	0.001011	0.000000	0.000000	0.001019	-0.109370	-0.131165
2.230000	-0.020228	0.000000	0.000000	0.550256	0.001195	0.002583	0.001011	0.000000	0.000000	0.001020	-0.109370	-0.131165
2.239000	-0.020498	0.000000	0.000000	0.617536	0.001503	0.002719	0.001011	0.000000	0.000000	0.001020	-0.109370	-0.131165
2.250000	-0.020804	0.000000	0.000000	0.976179	0.001810	0.002862	0.001011	0.000000	0.000000	0.001021	-0.109370	-0.131165
2.260000	-0.021086	0.000000	0.000000	0.316936	0.002117	0.003007	0.001011	0.000000	0.000000	0.001022	-0.109370	-0.131165
2.270000	-0.021356	0.000000	0.000000	1.952167	0.002420	0.003152	0.001011	0.000000	0.000000	0.001023	-0.109370	-0.131165
2.279000	-0.021638	0.000000	0.000000	-0.813949	0.002720	0.003294	0.001012	0.000000	0.000000	0.001024	-0.109370	-0.131165
2.289000	-0.021921	0.004987	1.000000	0.888902	0.000231	0.008418	0.000002	0.000000	0.000000	0.000016	0.043178	0.072940
2.300000	-0.022239	0.000000	1.000000	-0.841035	0.000037	-0.002077	0.000001	0.000000	0.000000	0.000010	0.094877	0.135608
2.310000	-0.022534	0.000000	0.000000	0.105474	0.000368	-0.001164	0.001010	0.000000	0.000000	0.001018	0.094877	0.135608
2.320000	-0.022865	0.000000	0.000000	-0.446764	0.000741	-0.001054	0.001011	0.000000	0.000000	0.001019	0.094877	0.135608
2.329000	-0.023221	0.010472	1.000000	0.040531	0.000152	0.009587	0.000001	0.000000	0.000000	0.000009	-0.070446	0.016275
2.340000	-0.023650	0.010472	0.000000	-0.216491	0.000503	0.005757	0.001010	0.000000	0.000000	0.001018	-0.070446	0.016275
2.350000	-0.024055	0.000000	1.000000	1.435009	0.000143	-0.004607	0.000001	0.000000	0.000000	0.000009	0.044025	-0.097712
2.360000	-0.024497	0.000000	0.000000	-0.434377	0.000558	-0.002676	0.001010	0.000000	0.000000	0.001018	0.044025	-0.097712
2.369000	-0.024950	0.000000	0.000000	-0.531199	0.001059	-0.002313	0.001011	0.000000	0.000000	0.001018	0.044025	-0.097712
2.380000	-0.025453	0.000000	0.000000	-1.610222	0.001573	-0.001912	0.001011	0.000000	0.000000	0.001019	0.044025	-0.097712
2.390000	-0.025944	0.000000	0.000000	0.133057	0.002096	-0.001484	0.001011	0.000000	0.000000	0.001020	0.044025	-0.097712
2.400000	-0.026435	0.004987	1.000000	0.336631	0.000247	0.003951	0.000001	0.000000	0.000000	0.000010	0.089879	-0.013008
2.409000	-0.026950	0.010472	1.000000	-0.217061	0.000094	0.008051	0.000001	0.000000	0.000000	0.000008	0.045196	-0.144781
2.420000	-0.027539	0.010472	0.000000	-0.929796	0.000615	0.005573	0.001010	0.000000	0.000000	0.001018	0.045196	-0.144781
2.430000	-0.028127	0.000000	1.000000	-0.594665	0.000035	-0.004577	0.000000	0.000000	0.000000	0.000008	-0.022957	-0.073234
2.440000	-0.028753	0.000000	0.000000	-1.051637	0.000629	-0.002632	0.001010	0.000000	0.000000	0.001018	-0.022957	-0.073234
2.449000	-0.029403	0.000000	0.000000	0.365181	0.001250	-0.002104	0.001011	0.000000	0.000000	0.001018	-0.022957	-0.073234
2.460000	-0.030139	0.000000	0.000000	-0.642577	0.001878	-0.001555	0.001011	0.000000	0.000000	0.001019	-0.022957	-0.073234
2.470000	-0.030777	0.000000	0.000000	0.590450	0.002511	-0.000993	0.001011	0.000000	0.000000	0.001019	-0.022957	-0.073234
2.480000	-0.031415	0.000000	1.000000	0.877187	-0.000141	-0.000425	0.000001	0.000000	0.000000	0.000010	0.125395	0.135044
2.489000	-0.032053	-0.014960	1.000000	0.230320	-0.000039	-0.014628	0.000001	0.000000	0.000000	0.000008	-0.009550	0.059103
2.500000	-0.032789	-0.014960	0.000000	-0.999693	0.000581	-0.008963	0.001010	0.000000	0.000000	0.001018	-0.009550	0.059103
2.510000	-0.033488	0.000000	1.000000	-1.867621	-0.000294	0.006758	0.000000	0.000000	0.000000	0.000008	0.039028	0.166583
2.520000	-0.034175	-0.008727	1.000000	2.402155	-0.000291	-0.003562	0.000000	0.000000	0.000000	0.000008	0.068071	0.006234
2.529000	-0.034801	-0.008727	0.000000	1.114537	0.000365	-0.002077	0.001010	0.000000	0.000000	0.001017	0.068071	0.006234
2.539000	-0.035389	-0.004987	1.000000	-0.099929	-0.000327	0.002143	0.000000	0.000000	0.000000	0.000008	-0.146640	-0.061748
2.550000	-0.036003	0.000000	1.000000	-0.584517	-0.000280	0.006938	0.000000	0.000000	0.000000	0.000007	-0.030924	0.056865
2.560000	-0.036506	0.000000	0.000000	-0.669341	0.000362	0.005520	0.001010	0.000000	0.000000	0.001017	-0.030924	0.056865
2.570000	-0.037009	-0.004987	1.000000	-0.708476	-0.000106	0.000790	0.000000	0.000000	0.000000	0.000008	-0.017225	0.014984
2.579000	-0.037487	-0.004987	0.000000	-0.390729	0.000481	0.000851	0.001010	0.000000	0.000000	0.001017	-0.017225	0.014984
2.590000	-0.038051	-0.004987	0.000000	-0.444725	0.001021	0.001118	0.001010	0.000000	0.000000	0.001018	-0.017225	0.014984
2.600000	-0.038591	-0.008727	1.000000	0.839227	-0.000027	-0.002350	0.000001	0.000000	0.000000	0.000008	0.208424	-0.065949
2.610000	-0.039131	-0.008727	0.000000	1.587962	0.000511	-0.001324	0.001010	0.000000	0.000000	0.001018	0.208424	-0.065949
2.619000	-0.039658	-0.004987	1.000000	-0.349975	-0.000045	0.002721	0.000001	0.000000	0.000000	0.000008	-0.059078	0.185649
2.630000	-0.040186	-0.003491	0.000000	1.135497	0.000484	0.002145	0.001010	0.000000	0.000000	0.001018	-0.059078	0.185649
2.640000	-0.040664	-0.003491	0.000000	0.399960	0.000985	0.002375	0.001011	0.000000	0.000000	0.001018	-0.059078	0.185649
2.650000	-0.041106	-0.004987	0.000000	-1.302997	0.001478	0.002602	0.001011	0.000000	0.000000	0.001019	-0.059078	0.185649
2.659000	-0.041559	-0.004987	0.000000	-0.015745	0.001961	0.002823	0.001011	0.000000	0.000000	0.001019	-0.059078	0.185649
2.670000	-0.042038	-0.004987	0.000000	0.070873	0.002435	0.003037	0.001011	0.000000	0.000000	0.001020	-0.059078	0.185649
2.680000	-0.042467	-0.008727	1.000000	0.882086	0.000088	-0.000500	0.000001	0.000000	0.000000	0.000010	0.203829	-0.158627
2.690000	-0.042897	-0.004987	1.000000	-0.041761	0.000038	0.003688	0.000001	0.000000	0.000000	0.000009	0.144442	-0.008771
2.699000	-0.043338	-0.004987	0.000000	-1.522687	0.000459	0.002539	0.001010	0.000000	0.000000	0.001018	0.144442	-0.008771
2.710000	-0.043829	-0.004987	0.000000	-0.586499	0.000894	0.002675	0.001011	0.000000	0.000000	0.001018	0.144442	-0.008771
2.720000	-0.044270	-0.004987	0.000000	0.586796	0.001324	0.002818	0.001011	0.000000	0.000000	0.001019	0.144442	-0.008771
2.730000	-0.044687	-0.011636	1.000000	0.518154	-0.000043	-0.003684	0.000001	0.000000	0.000000	0.000009	0.031201	0.029887
2.739000	-0.045105	-0.010908	0.000000	-1.589589	0.000389	-0.001961	0.001010	0.000000	0.000000	0.001018	0.031201	0.029887
2.750000	-0.045522	-0.010908	0.000000	-1.532159	0.000776	-0.001742	0.001011	0.000000	0.000000	0.001019	0.031201	0.029887
2.760000	-0.045890	-0.004987	1.000000	-1.950594	-0.000058	0.005096	0.000001	0.000000	0.000000	0.000009	0.060544	-0.028692
2.770000	-0.046233	0.000000	1.000000	1.307236	0.000003	0.008115	0.000000	0.000000	0.000000	0.000008	0.123026	-0.081917
2.779000	-0.046552	0.000000	0.000000	0.892076	0.000395	0.005479	0.001010	0.000000	0.000000	0.001018	0.123026	-0.081917
2.789000	-0.046883	-0.004987	1.000000	-0.632425	0.000154	0.000465	0.000000	0.000000	0.000000	0.000008	0.085945	0.041982
2.800000	-0.047263	-0.004987	0.000000	-0.849481	0.000501	0.000358	0.001010	0.000000	0.000000	0.001018	0.085945	0.041982
2.810000	-0.047619	-0.004987	0.000000	-0.644298	0.000925	0.000441	0.001010	0.000000	0.000000	0.001018	0.085945	0.041982
2.820000	-0.047987	-0.004987	0.000000	0.263682	0.001357	0.000565	0.001011	0.000000	0.000000	0.001019	0.085945	0.041982
2.829000	-0.048380	-0.004987	0.000000	0.600794	0.001792	0.000721	0.001011	0.000000	0.000000	0.001019	0.085945	0.041982
2.840000	-0.048846	-0.004987	0.000000	-2.279100	0.002230	0.000901	0.001011	0.000000	0.000000	0.001020	0.085945	0.041982
2.850000	-0.049275	-0.004987	0.000000	0.304459	0.002667	0.001100	0.001011	0.000000	0.000000	0.001020	0.085945	0.041982
2.860000	-0.049717	-0.004987	0.000000	-1.438601	0.003101	0.001310	0.001011	0.000000	0.000000	0.001021	0.085945	0.041982
2.869000	-0.050134	0.000000	1.000000	-0.773761	0.000280	0.006515	0.000001	0.000000	0.000000	0.000012	0.008702	0.194871
2.880000	-0.050551	-0.004987	1.000000	-0.211225	0.000072	-0.001909	0.000001	0.000000	0.000000	0.000009	0.026893	-0.058700
2.890000	-0.050943	-0.004987	0.000000	-0.064825	0.000480	-0.001033	0.001010	0.000000	0.000000	0.001018	0.026893	-0.058700
2.900000	-0.051348	0.000000	1.000000	-1.041094	0.000135	0.004149	0.000000	0.000000	0.000000	0.000009	-0.107801	0.110326
2.909000	-0.051753	-0.004987	1.000000	0.198331	0.000133	-0.002110	0.000000	0.000000	0.000000	0.000008	-0.030637	-0.048771
2.920000	-0.052219	-0.004987	0.000000	0.638771	0.000550	-0.001273	0.001010	0.000000	0.000000	0.001018	-0.030637	-0.048771
2.930000	-0.052661	0.000000	1.000000	0.913107	0.000114	0.003985	0.000000	0.000000	0.000000	0.000008	-0.085561	0.153108
2.940000	-0.053139	-0.008727	1.000000	-0.916273	0.000067	-0.005637	0.000000	0.000000	0.000000	0.000007	0.204791	0.058163
2.949000	-0.053630	-0.008727	0.000000	0.103479	0.000513	-0.003891	0.001010	0.000000	0.000000	0.001017	0.204791	0.058163
2.960000	-0.054206	-0.004987	1.000000	1.746565	-0.000088	0.000208	0.000000	0.000000	0.000000	0.000008	-0.003708	0.048446
2.970000	-0.054709	-0.008727	1.000000	1.169538	-0.000089	-0.003238	0.000000	0.000000	0.000000	0.000007	0.023731	0.109141
2.980000	-0.055212	-0.008727	0.000000	-1.568278	0.000400	-0.002096	0.001010	0.000000	0.000000	0.001017	0.023731	0.109141
2.989000	-0.055691	-0.008727	0.000000	-1.365811	0.000843	-0.001724	0.001010	0.000000	0.000000	0.001018	0.023731	0.109141
3.000000	-0.056181	-0.004987	1.000000	-1.063079	-0.000202	0.002365	0.000001	0.000000	0.000000	0.000008	-0.068374	0.102674
3.010000	-0.056623	-0.004987	0.000000	-0.658451	0.000333	0.001980	0.001010	0.000000	0.000000	0.001018	-0.068374	0.102674
3.020000	-0.057040	-0.014960	1.000000	-2.880349	-0.000099	-0.007719	0.000001	0.000000	0.000000	0.000008	-0.000838	-0.026815
3.029000	-0.057457	-0.014960	0.000000	0.376397	0.000351	-0.005106	0.001010	0.000000	0.000000	0.001018	-0.000838	-0.026815
3.039000	-0.057874	-0.008727	1.000000	-1.112407	-0.000110	0.001490	0.000001	0.000000	0.000000	0.000008	0.057853	0.141178
3.050000	-0.058316	-0.008727	0.000000	-1.688943	0.000299	0.001337	0.001010	0.000000	0.000000	0.001018	0.057853	0.141178
3.060000	-0.058708	-0.008727	0.000000	-0.636496	0.000636	0.001572	0.001011	0.000000	0.000000	0.001018	0.057853	0.141178
3.070000	-0.059101	-0.004987	1.000000	-0.310418	-0.000276	0.005511	0.000001	0.000000	0.000000	0.000008	0.008959	0.099659
3.079000	-0.059469	-0.004987	0.000000	-0.986075	0.000204	0.003776	0.001010	0.000000	0.000000	0.001018	0.008959	0.099659
3.090000	-0.059849	-0.004987	0.000000	-1.099085	0.000533	0.003845	0.001011	0.000000	0.000000	0.001018	0.008959	0.099659
3.100000	-0.060168	-0.004987	0.000000	-0.321923	0.000857	0.003923	0.001011	0.000000	0.000000	0.001019	0.008959	0.099659
3.110000	-0.060450	-0.004987	0.000000	0.076565	0.001174	0.004007	0.001011	0.000000	0.000000	0.001019	0.008959	0.099659
3.119000	-0.060745	-0.008727	1.000000	-0.486276	-0.000160	0.000352	0.000001	0.000000	0.000000	0.000010	-0.005033	-0.022265
3.130000	-0.061039	-0.004987	1.000000	1.539587	-0.000028	0.004034	0.000001	0.000000	0.000000	0.000008	-0.004593	-0.066452
3.140000	-0.061321	-0.004987	0.000000	0.441972	0.000309	0.002701	0.001010	0.000000	0.000000	0.001018	-0.004593	-0.066452
3.150000	-0.061579	-0.008727	1.000000	0.220356	0.000096	-0.000991	0.000000	0.000000	0.000000	0.000008	0.122136	0.100156
3.159000	-0.061849	-0.010908	0.000000	0.168919	0.000371	-0.000578	0.001010	0.000000	0.000000	0.001018	0.122136	0.100156
3.170000	-0.062143	-0.010908	0.000000	-0.748405	0.000685	-0.000466	0.001010	0.000000	0.000000	0.001018	0.122136	0.100156
3.180000	-0.062425	-0.011636	0.000000	1.438053	0.000993	-0.000344	0.001011	0.000000	0.000000	0.001019	0.122136	0.100156
3.190000	-0.062695	-0.012467	1.000000	1.643041	0.000177	-0.003957	0.000001	0.000000	0.000000	0.000009	-0.018540	0.166491
3.199000	-0.062965	-0.012467	0.000000	0.282206	0.000337	-0.002229	0.001010	0.000000	0.000000	0.001018	-0.018540	0.166491
3.210000	-0.063271	-0.004987	1.000000	-1.172884	0.000003	0.005438	0.000001	0.000000	0.000000	0.000009	0.128894	0.129531
3.220000	-0.063529	-0.008727	1.000000	1.292766	-0.000016	-0.000141	0.000000	0.000000	0.000000	0.000008	-0.070093	-0.118522
3.230000	-0.063774	-0.008727	0.000000	-0.611773	0.000225	-0.000048	0.001010	0.000000	0.000000	0.001018	-0.070093	-0.118522
3.239000	-0.064020	-0.012467	1.000000	0.081590	-0.000036	-0.003727	0.000000	0.000000	0.000000	0.000008	0.140490	0.080295
3.250000	-0.064290	-0.012467	0.000000	0.922128	0.000194	-0.002535	0.001010	0.000000	0.000000	0.001018	0.140490	0.080295
3.260000	-0.064510	-0.004987	1.000000	0.715190	-0.000100	0.005059	0.000000	0.000000	0.000000	0.000008	0.047065	-0.115015
3.270000	-0.064719	-0.008727	1.000000	0.844095	-0.000062	-0.000116	0.000000	0.000000	0.000000	0.000007	-0.143738	-0.090644
3.279000	-0.064915	-0.008727	0.000000	0.481968	0.000162	-0.000068	0.001010	0.000000	0.000000	0.001017	-0.143738	-0.090644
3.289000	-0.065099	-0.017453	1.000000	-0.163192	-0.000022	-0.008764	0.000000	0.000000	0.000000	0.000008	-0.055048	0.183144
3.300000	-0.065283	-0.004987	1.000000	-0.164235	-0.000027	0.006162	0.000000	0.000000	0.000000	0.000007	-0.175994	0.067025
3.310000	-0.065443	-0.004987	0.000000	1.592546	0.000142	0.004763	0.001010	0.000000	0.000000	0.001017	-0.175994	0.067025
3.320000	-0.065578	-0.004987	0.000000	-0.829645	0.000288	0.004791	0.001010	0.000000	0.000000	0.001018	-0.175994	0.067025
3.329000	-0.065700	-0.004987	0.000000	0.613287	0.000423	0.004808	0.001011	0.000000	0.000000	0.001018	-0.175994	0.067025
3.340000	-0.065823	-0.004987	0.000000	1.039998	0.000545	0.004815	0.001011	0.000000	0.000000	0.001018	-0.175994	0.067025
3.350000	-0.065921	-0.017453	1.000000	0.922745	0.000017	-0.007656	0.000001	0.000000	0.000000	0.000009	0.135001	-0.117561
3.360000	-0.066007	-0.017453	0.000000	1.208068	0.000076	-0.004708	0.001011	0.000000	0.000000	0.001018	0.135001	-0.117561
3.369000	-0.066081	-0.004987	1.000000	1.265489	-0.000049	0.007872	0.000001	0.000000	0.000000	0.000008	0.020195	-0.058304
3.380000	-0.066130	0.000000	1.000000	-0.638498	-0.000042	0.010089	0.000000	0.000000	0.000000	0.000008	-0.126538	0.065395
3.390000	-0.066142	0.000000	0.000000	-0.702910	0.000026	0.006948	0.001010	0.000000	0.000000	0.001018	-0.126538	0.065395
3.400000	-0.066154	-0.008727	1.000000	-1.711604	0.000069	-0.002013	0.000000	0.000000	0.000000	0.000008	0.125004	-0.136193
3.409000	-0.066166	-0.008727	0.000000	-1.672475	0.000109	-0.001571	0.001010	0.000000	0.000000	0.001018	0.125004	-0.136193
3.420000	-0.066179	-0.008727	0.000000	-0.875664	0.000183	-0.001658	0.001010	0.000000	0.000000	0.001018	0.125004	-0.136193
3.430000	-0.066203	-0.008727	0.000000	0.096658	0.000259	-0.001715	0.001011	0.000000	0.000000	0.001018	0.125004	-0.136193
3.440000	-0.066252	-0.010908	0.000000	1.266674	0.000336	-0.001746	0.001011	0.000000	0.000000	0.001019	0.125004	-0.136193
3.449000	-0.066289	-0.010908	0.000000	-1.029809	0.000412	-0.001755	0.001011	0.000000	0.000000	0.001020	0.125004	-0.136193
3.460000	-0.066326	-0.004987	1.000000	1.229942	0.000314	0.001992	0.000001	0.000000	0.000000	0.000010	0.034852	0.083245
3.470000	-0.066375	-0.004987	0.000000	2.427616	0.000142	0.001069	0.001011	0.000000	0.000000	0.001019	0.034852	0.083245
3.480000	-0.066412	-0.004987	0.000000	-0.665351	0.000194	0.001048	0.001011	0.000000	0.000000	0.001019	0.034852	0.083245
3.489000	-0.066449	-0.012467	1.000000	-0.484436	0.000125	-0.006434	0.000001	0.000000	0.000000	0.000010	-0.005106	-0.158843
3.500000	-0.066485	-0.012467	0.000000	1.128113	0.000068	-0.003571	0.001010	0.000000	0.000000	0.001018	-0.005106	-0.158843
3.510000	-0.066522	-0.012467	0.000000	-0.041645	0.000062	-0.003437	0.001011	0.000000	0.000000	0.001019	-0.005106	-0.158843
3.520000	-0.066559	-0.008727	1.000000	0.722434	-0.000077	0.000397	0.000001	0.000000	0.000000	0.000009	-0.083712	0.013354
3.529000	-0.066559	-0.008727	0.000000	0.960701	-0.000076	0.000273	0.001010	0.000000	0.000000	0.001018	-0.083712	0.013354
3.539000	-0.066571	-0.014960	1.000000	0.756205	-0.000148	-0.005953	0.000001	0.000000	0.000000	0.000009	-0.041512	0.073076
3.550000	-0.066559	-0.008727	1.000000	0.515721	-0.000149	0.002504	0.000000	0.000000	0.000000	0.000008	0.128810	0.063808
3.560000	-0.066559	-0.008727	0.000000	0.872550	-0.000194	0.001767	0.001010	0.000000	0.000000	0.001018	0.128810	0.063808
3.570000	-0.066547	-0.012467	1.000000	-0.950123	-0.000308	-0.002021	0.000000	0.000000	0.000000	0.000008	0.004644	-0.014489
3.579000	-0.066547	-0.008727	1.000000	-0.267668	-0.000311	0.002256	0.000000	0.000000	0.000000	0.000007	-0.048297	0.106877
3.590000	-0.066534	-0.008727	0.000000	-1.222615	-0.000331	0.001571	0.001010	0.000000	0.000000	0.001017	-0.048297	0.106877
3.600000	-0.066498	-0.012467	1.000000	0.592186	-0.000431	-0.002309	0.000000	0.000000	0.000000	0.000008	-0.077204	-0.021520
3.610000	-0.066436	-0.012467	0.000000	0.990613	-0.000394	-0.001823	0.001010	0.000000	0.000000	0.001017	-0.077204	-0.021520
3.619000	-0.066338	-0.012467	0.000000	-0.104304	-0.000553	-0.001959	0.001010	0.000000	0.000000	0.001018	-0.077204	-0.021520
3.630000	-0.066154	-0.014960	0.000000	-0.107690	-0.000729	-0.002114	0.001011	0.000000	0.000000	0.001018	-0.077204	-0.021520
3.640000	-0.065933	-0.014960	0.000000	-0.410540	-0.000920	-0.002286	0.001011	0.000000	0.000000	0.001019	-0.077204	-0.021520
3.650000	-0.065688	-0.012467	0.000000	-0.139890	-0.001127	-0.002471	0.001011	0.000000	0.000000	0.001019	-0.077204	-0.021520
3.659000	-0.065430	-0.004987	1.000000	0.700305	-0.000279	0.004813	0.000001	0.000000	0.000000	0.000010	0.015588	-0.047127
3.670000	-0.065148	-0.004987	0.000000	0.232454	-0.000269	0.002436	0.001011	0.000000	0.000000	0.001019	0.015588	-0.047127
3.680000	-0.064866	-0.008727	1.000000	-1.407824	0.000111	-0.001606	0.000001	0.000000	0.000000	0.000009	-0.005126	-0.035950
3.690000	-0.064596	-0.004987	1.000000	1.167519	0.000128	0.002501	0.000000	0.000000	0.000000	0.000008	-0.059095	0.063789
3.699000	-0.064302	-0.004987	0.000000	-0.955220	-0.000120	0.001492	0.001010	0.000000	0.000000	0.001018	-0.059095	0.063789
3.710000	-0.063983	-0.012467	1.000000	0.333895	0.000301	-0.006218	0.000000	0.000000	0.000000	0.000008	0.035472	0.003481
3.720000	-0.063689	-0.012467	0.000000	-0.189223	-0.000054	-0.004479	0.001010	0.000000	0.000000	0.001018	0.035472	0.003481
3.730000	-0.063382	-0.008727	1.000000	0.993353	0.000306	-0.000845	0.000000	0.000000	0.000000	0.000008	-0.147550	-0.070165
3.739000	-0.063063	0.000000	1.000000	0.230905	0.000211	0.008006	0.000000	0.000000	0.000000	0.000008	-0.212674	-0.026195
3.750000	-0.062719	0.000000	0.000000	-0.849676	-0.000156	0.005702	0.001010	0.000000	0.000000	0.001017	-0.212674	-0.026195
3.760000	-0.062401	-0.012467	1.000000	1.230656	0.000221	-0.007022	0.000000	0.000000	0.000000	0.000008	-0.117655	-0.014692
3.770000	-0.062069	-0.004987	1.000000	0.540564	0.000144	0.002189	0.000000	0.000000	0.000000	0.000007	0.063274	0.014687
3.779000	-0.061763	-0.004987	0.000000	1.009143	-0.000244	0.001501	0.001010	0.000000	0.000000	0.001017	0.063274	0.014687
3.789000	-0.061444	0.000000	1.000000	-1.725225	0.000037	0.006302	0.000000	0.000000	0.000000	0.000007	-0.112732	0.055272
3.800000	-0.061076	-0.004987	1.000000	-1.600778	0.000048	-0.000553	0.000000	0.000000	0.000000	0.000007	0.040386	0.177807
3.810000	-0.060745	-0.004987	0.000000	0.294685	-0.000309	-0.000682	0.001010	0.000000	0.000000	0.001017	0.040386	0.177807
3.820000	-0.060413	-0.003491	0.000000	-0.010345	-0.000646	-0.000914	0.001010	0.000000	0.000000	0.001018	0.040386	0.177807
3.829000	-0.060082	-0.003491	0.000000	0.634488	-0.000980	-0.001126	0.001011	0.000000	0.000000	0.001018	0.040386	0.177807
3.840000	-0.059714	-0.004987	0.000000	0.733490	-0.001313	-0.001319	0.001011	0.000000	0.000000	0.001018	0.040386	0.177807
3.850000	-0.059371	-0.010908	1.000000	-0.921753	0.000061	-0.007417	0.000001	0.000000	0.000000	0.000009	0.114528	0.209631
3.860000	-0.059027	-0.010908	0.000000	0.783197	-0.000339	-0.004762	0.001011	0.000000	0.000000	0.001018	0.114528	0.209631
3.869000	-0.058684	0.000000	1.000000	0.741867	-0.000035	0.006107	0.000001	0.000000	0.000000	0.000008	0.064367	0.023438
3.880000	-0.058279	-0.004987	1.000000	1.788878	0.000007	-0.001139	0.000000	0.000000	0.000000	0.000008	0.016783	0.076912
3.890000	-0.057886	-0.004987	0.000000	-3.424987	-0.000381	-0.001008	0.001010	0.000000	0.000000	0.001018	0.016783	0.076912
3.900000	-0.057482	0.000000	1.000000	-0.649074	0.000029	0.003793	0.000000	0.000000	0.000000	0.000008	-0.012598	0.097554
3.909000	-0.057101	0.000000	0.000000	-0.777172	-0.000366	0.002471	0.001010	0.000000	0.000000	0.001018	-0.012598	0.097554
3.920000	-0.056672	0.000000	0.000000	0.062665	-0.000742	0.002241	0.001010	0.000000	0.000000	0.001018	-0.012598	0.097554
3.930000	-0.056304	0.000000	0.000000	0.119932	-0.001112	0.002035	0.001011	0.000000	0.000000	0.001018	-0.012598	0.097554
3.940000	-0.055936	0.000000	0.000000	0.118202	-0.001478	0.001850	0.001011	0.000000	0.000000	0.001019	-0.012598	0.097554
3.949000	-0.055580	0.000000	0.000000	-0.433426	-0.001839	0.001681	0.001011	0.000000	0.000000	0.001020	-0.012598	0.097554
3.960000	-0.055200	0.000000	0.000000	0.096246	-0.002195	0.001529	0.001011	0.000000	0.000000	0.001020	-0.012598	0.097554
3.970000	-0.054857	0.000000	0.000000	-0.316958	-0.002548	0.001389	0.001011	0.000000	0.000000	0.001021	-0.012598	0.097554
3.980000	-0.054501	0.000000	0.000000	2.187050	-0.002898	0.001262	0.001011	0.000000	0.000000	0.001022	-0.012598	0.097554
3.989000	-0.054145	0.000000	1.000000	-0.697730	0.000093	0.001144	0.000002	0.000000	0.000000	0.000013	0.172631	-0.008537
4.000000	-0.053753	0.000000	0.000000	0.125089	-0.000333	0.000363	0.001011	0.000000	0.000000	0.001019	0.172631	-0.008537
4.010000	-0.053397	0.000000	0.000000	-0.557388	-0.000675	0.000247	0.001011	0.000000	0.000000	0.001020	0.172631	-0.008537
4.020000	-0.053029	0.000000	0.000000	-1.010565	-0.001011	0.000150	0.001011	0.000000	0.000000	0.001021	0.172631	-0.008537
4.029000	-0.052673	0.000000	0.000000	0.494891	-0.001342	0.000068	0.001011	0.000000	0.000000	0.001022	0.172631	-0.008537
4.039000	-0.052317	0.000000	0.000000	-1.124572	-0.001669	0.000001	0.001011	0.000000	0.000000	0.001023	0.172631	-0.008537
4.050000	-0.051949	0.000000	0.000000	-1.235175	-0.001991	-0.000055	0.001011	0.000000	0.000000	0.001024	0.172631	-0.008537
4.060000	-0.051630	0.000000	0.000000	1.757542	-0.002309	-0.000100	0.001011	0.000000	0.000000	0.001025	0.172631	-0.008537
4.070000	-0.051324	-0.003491	1.000000	-1.439050	0.153901	0.037341	0.000002	0.000000	0.000000	0.000016	-0.102379	-0.037477
4.079000	-0.051017	-0.004987	1.000000	-1.243734	-0.138574	0.065988	0.000001	0.000000	0.000000	0.000010	0.049837	-0.093118
4.090000	-0.050600	-0.004987	1.000000	-0.290363	-0.411002	-0.195140	0.000000	0.000000	0.000000	0.000008	0.387025	0.135382
4.100000	-0.050158	-0.008727	1.000000	0.760878	0.182048	0.100074	0.000000	0.000000	0.000000	0.000008	-0.031330	-0.093766
4.110000	-0.049803	-0.008727	1.000000	0.294006	0.041964	-0.100145	0.000000	0.000000	0.000000	0.000007	0.054231	0.080233
4.119000	-0.049754	-0.008727	1.000000	0.894953	-0.130003	-0.013312	0.000000	0.000000	0.000000	0.000007	0.217667	0.020931
4.130000	-0.049901	-0.011636	1.000000	-0.043956	0.049130	-0.044018	0.000000	0.000000	0.000000	0.000007	0.090721	0.058807
4.140000	-0.050306	-0.011636	1.000000	-0.112091	0.163565	0.112503	0.000000	0.000000	0.000000	0.000007	-0.029405	-0.083397
4.150000	-0.051005	0.000000	1.000000	0.364736	0.180998	-0.040933	0.000000	0.000000	0.000000	0.000007	-0.097016	0.051554
4.159000	-0.051802	-0.004987	1.000000	-0.530330	0.067920	0.029250	0.000000	0.000000	0.000000	0.000007	-0.050329	-0.009100
4.170000	-0.052501	-0.004987	1.000000	0.226164	0.027067	0.109090	0.000000	0.000000	0.000000	0.000007	-0.045688	-0.095090
4.180000	-0.052685	-0.004987	1.000000	0.729675	0.046142	-0.037733	0.000000	0.000000	0.000000	0.000007	-0.090466	0.028036
4.190000	-0.052452	-0.013575	1.000000	0.389185	-0.252245	-0.030676	0.000000	0.000000	0.000000	0.000007	0.173362	0.021682
4.199000	-0.051667	-0.013575	1.000000	1.190480	-0.113110	0.112867	0.000000	0.000000	0.000000	0.000007	0.103136	-0.122441
4.210000	-0.050122	-0.012467	1.000000	-0.519813	0.070216	0.011506	0.000000	0.000000	0.000000	0.000007	-0.046952	-0.046641
4.220000	-0.048453	-0.013575	1.000000	0.349575	0.039752	0.075802	0.000000	0.000000	0.000000	0.000007	-0.041431	-0.118194
4.230000	-0.046957	-0.013575	1.000000	-1.513518	0.112225	0.030570	0.000000	0.000000	0.000000	0.000007	-0.131392	-0.091330
4.239000	-0.045742	-0.017453	1.000000	0.318315	-0.036159	-0.049606	0.000000	0.000000	0.000000	0.000007	-0.027631	-0.021996
4.250000	-0.044786	-0.017453	1.000000	1.341541	-0.108912	-0.035279	0.000000	0.000000	0.000000	0.000007	0.046464	-0.032756
4.260000	-0.044197	-0.008727	1.000000	0.786601	0.282964	-0.023606	0.000000	0.000000	0.000000	0.000007	-0.316662	-0.042130
4.270000	-0.043731	-0.004987	1.000000	-0.873129	-0.053193	-0.078552	0.000000	0.000000	0.000000	0.000007	-0.082482	0.012736
4.279000	-0.043326	-0.004987	1.000000	0.809850	-0.120119	-0.286817	0.000000	0.000000	0.000000	0.000007	-0.015871	0.230030
4.289000	-0.042798	0.000000	1.000000	0.371470	-0.194766	0.012495	0.000000	0.000000	0.000000	0.000007	0.083884	-0.022135
4.300000	-0.041903	0.000000	1.000000	0.074418	-0.112294	0.047018	0.000000	0.000000	0.000000	0.000007	0.058642	-0.060328
4.310000	-0.040848	0.000000	1.000000	1.466176	0.048670	-0.033619	0.000000	0.000000	0.000000	0.000007	-0.063199	0.011195
4.320000	-0.039756	0.000000	1.000000	0.978992	-0.193178	-0.055218	0.000000	0.000000	0.000000	0.000007	0.168016	0.038688
4.329000	-0.038849	-0.003491	1.000000	-0.422417	0.110219	0.240280	0.000000	0.000000	0.000000	0.000007	-0.064151	-0.245016
4.340000	-0.038186	-0.003491	1.000000	0.707869	0.067773	-0.059781	0.000000	0.000000	0.000000	0.000007	-0.045025	0.015293
4.350000	-0.038039	0.000000	1.000000	-0.133391	0.086190	-0.036759	0.000000	0.000000	0.000000	0.000007	-0.077440	0.004870
4.360000	-0.038174	0.000000	1.000000	1.375568	0.086920	-0.153629	0.000000	0.000000	0.000000	0.000007	-0.102085	0.131050
4.369000	-0.038579	0.000000	1.000000	-0.210524	-0.014892	0.194607	0.000000	0.000000	0.000000	0.000007	-0.029407	-0.187156
4.380000	-0.039266	0.000000	1.000000	0.695537	0.104740	0.072611	0.000000	0.000000	0.000000	0.000007	-0.147468	-0.097281
4.390000	-0.039818	0.000000	1.000000	-0.275018	-0.024495	-0.083051	0.000000	0.000000	0.000000	0.000007	-0.057555	0.044940
4.400000	-0.040173	0.006981	1.000000	-0.442818	-0.014854	0.060239	0.000000	0.000000	0.000000	0.000007	-0.067387	-0.085309
4.409000	-0.040296	0.000000	1.000000	0.343851	-0.141228	-0.145912	0.000000	0.000000	0.000000	0.000007	0.056641	0.108495
4.420000	-0.040296	0.000000	1.000000	-0.213255	0.067422	0.036954	0.000000	0.000000	0.000000	0.000007	-0.109768	-0.050014
4.430000	-0.040284	-0.008727	1.000000	0.260024	0.067191	-0.103285	0.000000	0.000000	0.000000	0.000007	-0.132372	0.083367
4.440000	-0.040235	-0.008727	1.000000	0.171022	-0.101471	-0.088814	0.000000	0.000000	0.000000	0.000007	0.009702	0.086189
4.449000	-0.040075	-0.008727	1.000000	-0.359319	-0.238150	0.113882	0.000000	0.000000	0.000000	0.000007	0.174545	-0.101082
4.460000	-0.039646	-0.004987	1.000000	0.513201	0.071380	0.075616	0.000000	0.000000	0.000000	0.000007	-0.053682	-0.081915
4.470000	-0.039167	-0.012467	1.000000	0.775391	-0.106172	-0.076105	0.000000	0.000000	0.000000	0.000007	0.110647	0.057495
4.480000	-0.038873	-0.012467	1.000000	-1.242559	0.114350	-0.040656	0.000000	0.000000	0.000000	0.000007	-0.064726	0.037745
4.489000	-0.038861	-0.017453	1.000000	-0.197838	-0.125103	0.010242	0.000000	0.000000	0.000000	0.000007	0.149025	-0.002054
4.500000	-0.039082	-0.017453	1.000000	0.010743	0.220017	0.054883	0.000000	0.000000	0.000000	0.000007	-0.144340	-0.043363
4.510000	-0.039683	-0.008727	1.000000	0.345966	0.177254	-0.015011	0.000000	0.000000	0.000000	0.000007	-0.163090	0.021657
4.520000	-0.040627	-0.008727	1.000000	0.249848	-0.117040	0.085009	0.000000	0.000000	0.000000	0.000007	0.072615	-0.072770
4.529000	-0.041596	-0.008727	1.000000	-0.429709	-0.145529	-0.090795	0.000000	0.000000	0.000000	0.000007	0.135258	0.089832
4.539000	-0.042357	-0.012467	1.000000	0.890244	0.038034	-0.006365	0.000000	0.000000	0.000000	0.000007	0.001829	0.023107
4.550000	-0.043007	-0.014960	1.000000	0.652453	-0.001528	0.077429	0.000000	0.000000	0.000000	0.000007	0.035400	-0.056792
4.560000	-0.043571	-0.014960	1.000000	-0.501243	0.178394	0.152755	0.000000	0.000000	0.000000	0.000007	-0.138639	-0.143102
4.570000	-0.044160	-0.014960	1.000000	-0.944354	-0.023295	0.009044	0.000000	0.000000	0.000000	0.000007	0.006607	-0.025366
4.579000	-0.044773	-0.034907	1.000000	0.947936	0.017383	-0.086574	0.000000	0.000000	0.000000	0.000007	-0.029806	0.067933
4.590000	-0.045460	-0.034907	1.000000	0.605729	-0.008150	0.120782	0.000000	0.000000	0.000000	0.000007	-0.013097	-0.124911
4.600000	-0.046012	-0.034907	1.000000	-0.045419	-0.121015	-0.230476	0.000000	0.000000	0.000000	0.000007	0.098961	0.204332
4.610000	-0.046454	-0.034907	1.000000	-0.915451	0.045385	0.116299	0.000000	0.000000	0.000000	0.000007	-0.028767	-0.102356
4.619000	-0.046846	-0.041888	1.000000	0.474413	-0.181542	-0.068193	0.000000	0.000000	0.000000	0.000007	0.185462	0.062735
4.630000	-0.047300	-0.047373	1.000000	-0.372135	0.056792	-0.130961	0.000000	0.000000	0.000000	0.000007	0.011087	0.138781
4.640000	-0.047815	-0.047373	1.000000	-1.122790	-0.017634	-0.023368	0.000000	0.000000	0.000000	0.000007	0.076185	0.057300
4.650000	-0.048466	-0.047373	1.000000	-0.798061	0.066946	-0.076869	0.000000	0.000000	0.000000	0.000007	0.005094	0.119288
4.659000	-0.049263	-0.055851	1.000000	0.060597	-0.035223	0.068982	0.000000	0.000000	0.000000	0.000007	0.091998	-0.008633
4.670000	-0.050146	-0.055851	1.000000	1.881357	0.095353	0.052038	0.000000	0.000000	0.000000	0.000007	-0.022015	0.000403
4.680000	-0.050759	-0.052360	1.000000	1.703614	0.102220	-0.031134	0.000000	0.000000	0.000000	0.000007	-0.056017	0.077147
4.690000	-0.051127	-0.057347	1.000000	0.699746	-0.101707	0.100691	0.000000	0.000000	0.000000	0.000007	0.112954	-0.048051
4.699000	-0.051213	-0.057347	1.000000	-0.424860	0.067968	-0.128557	0.000000	0.000000	0.000000	0.000007	-0.026351	0.163754
4.710000	-0.051177	-0.064827	1.000000	-1.687651	-0.211139	0.196503	0.000000	0.000000	0.000000	0.000007	0.229126	-0.139380
4.720000	-0.050931	-0.069813	1.000000	-0.114110	0.064381	-0.071178	0.000000	0.000000	0.000000	0.000007	0.023638	0.093693
4.730000	-0.050404	-0.069813	1.000000	0.647722	0.000971	0.263278	0.000000	0.000000	0.000000	0.000007	0.072602	-0.228806
4.739000	-0.049827	-0.069813	1.000000	1.239269	-0.029573	0.006403	0.000000	0.000000	0.000000	0.000007	0.107916	-0.018492
4.750000	-0.049398	-0.069813	1.000000	-0.035674	0.197891	-0.266136	0.000000	0.000000	0.000000	0.000007	-0.103694	0.251861
4.760000	-0.049300	-0.069813	1.000000	-0.606005	0.025379	0.086181	0.000000	0.000000	0.000000	0.000007	0.006927	-0.053562
4.770000	-0.049337	-0.069813	1.000000	0.099740	0.152525	-0.024222	0.000000	0.000000	0.000000	0.000007	-0.132841	0.042541
4.779000	-0.049373	-0.069813	1.000000	-0.790129	-0.053885	0.096175	0.000000	0.000000	0.000000	0.000007	0.014895	-0.075129
4.789000	-0.049337	-0.069813	1.000000	-0.835380	0.131159	0.001207	0.000000	0.000000	0.000000	0.000007	-0.165456	-0.000282
4.800000	-0.049042	-0.069813	1.000000	0.429097	-0.164094	0.033071	0.000000	0.000000	0.000000	0.000007	0.072592	-0.037911
4.810000	-0.048233	-0.069813	1.000000	0.468948	0.084540	0.153462	0.000000	0.000000	0.000000	0.000007	-0.137703	-0.170455
4.820000	-0.046945	-0.073304	1.000000	-0.935647	-0.146342	-0.015485	0.000000	0.000000	0.000000	0.000007	0.053897	-0.035978
4.829000	-0.045399	-0.073304	1.000000	-0.364729	-0.162653	-0.106387	0.000000	0.000000	0.000000	0.000007	0.107008	0.049723
4.840000	-0.043718	-0.073304	1.000000	0.941753	0.129453	-0.020310	0.000000	0.000000	0.000000	0.000007	-0.134515	-0.023141
4.850000	-0.042492	-0.074800	1.000000	0.157329	-0.065036	0.014831	0.000000	0.000000	0.000000	0.000007	0.017932	-0.058180
4.860000	-0.041633	-0.069813	1.000000	-0.418274	0.024786	0.023255	0.000000	0.000000	0.000000	0.000007	-0.052826	-0.071755
4.869000	-0.041167	-0.069813	1.000000	0.578719	-0.007181	-0.053909	0.000000	0.000000	0.000000	0.000007	-0.029258	-0.000643
4.880000	-0.041057	-0.069813	1.000000	3.111535	0.057297	0.078658	0.000000	0.000000	0.000000	0.000007	-0.092130	-0.125002
4.890000	-0.041081	-0.069813	1.000000	0.738882	0.133997	-0.045794	0.000000	0.000000	0.000000	0.000007	-0.189013	-0.015262
4.900000	-0.041241	-0.069813	1.000000	-0.604946	-0.181779	0.103151	0.000000	0.000000	0.000000	0.000007	0.076827	-0.158005
4.909000	-0.041645	-0.082280	1.000000	0.066263	0.193407	-0.136479	0.000000	0.000000	0.000000	0.000007	-0.245367	0.061845
4.920000	-0.042246	-0.082280	1.000000	1.296506	-0.170742	-0.097482	0.000000	0.000000	0.000000	0.000007	0.050811	0.044667
4.930000	-0.042872	-0.087266	1.000000	-0.387283	-0.111610	-0.115276	0.000000	0.000000	0.000000	0.000007	0.039907	0.078779
4.940000	-0.043510	-0.087266	1.000000	0.190881	-0.049461	-0.007771	0.000000	0.000000	0.000000	0.000007	0.014333	-0.007574
4.949000	-0.044160	-0.087266	1.000000	0.330062	-0.023594	0.033144	0.000000	0.000000	0.000000	0.000007	0.009420	-0.044710
4.960000	-0.044908	-0.104720	1.000000	-0.138873	0.011560	0.116291	0.000000	0.000000	0.000000	0.000007	-0.010936	-0.130707
4.970000	-0.045681	-0.104720	1.000000	0.581675	-0.106431	0.020540	0.000000	0.000000	0.000000	0.000007	0.111281	-0.052450
4.980000	-0.046662	-0.104720	1.000000	1.011934	-0.015667	-0.093941	0.000000	0.000000	0.000000	0.000007	0.065645	0.061769
4.989000	-0.047975	-0.122173	1.000000	-0.473639	0.198020	-0.073485	0.000000	0.000000	0.000000	0.000007	-0.128491	0.062960
5.000000	-0.049938	-0.122173	1.000000	-0.901014	0.015691	0.052002	0.000000	0.000000	0.000000	0.000007	-0.000112	-0.043410
5.010000	-0.052060	-0.122173	1.000000	-1.231414	-0.120526	0.039967	0.000000	0.000000	0.000000	0.000007	0.134927	-0.034756
5.020000	-0.054206	-0.139626	1.000000	0.399061	0.116848	0.093151	0.000000	0.000000	0.000000	0.000007	-0.057096	-0.089820
5.029000	-0.056316	-0.139626	1.000000	0.040468	0.088572	0.061056	0.000000	0.000000	0.000000	0.000007	-0.059520	-0.069779
5.039000	-0.058377	-0.157080	1.000000	-0.458536	0.054406	-0.130563	0.000000	0.000000	0.000000	0.000007	-0.052384	0.113847
5.050000	-0.060561	-0.174533	1.000000	0.438094	-0.063984	0.163485	0.000000	0.000000	0.000000	0.000007	0.045783	-0.155408
5.060000	-0.062425	-0.174533	1.000000	0.371416	0.207400	-0.073271	0.000000	0.000000	0.000000	0.000007	-0.207589	0.054147
5.070000	-0.064106	-0.191986	1.000000	1.376959	-0.157017	-0.033607	0.000000	0.000000	0.000000	0.000007	0.083504	0.026585
5.079000	-0.065565	-0.209439	1.000000	-2.177485	-0.050020	-0.018134	0.000000	0.000000	0.000000	0.000007	0.018576	0.016086
5.090000	-0.066780	-0.209439	1.000000	-0.556392	-0.113541	-0.194694	0.000000	0.000000	0.000000	0.000007	0.095088	0.195023
5.100000	-0.067577	-0.226893	1.000000	0.646551	0.020710	0.031435	0.000000	0.000000	0.000000	0.000007	-0.001706	0.003507
5.110000	-0.068239	-0.226893	1.000000	-0.280689	0.170930	0.065410	0.000000	0.000000	0.000000	0.000007	-0.155233	-0.034200
5.119000	-0.068816	-0.244346	1.000000	-0.660925	-0.291814	0.051543	0.000000	0.000000	0.000000	0.000007	0.250725	-0.031555
5.130000	-0.069307	-0.261799	1.000000	1.939102	0.177490	0.032733	0.000000	0.000000	0.000000	0.000007	-0.123381	-0.021799
5.140000	-0.069675	-0.261799	1.000000	0.081835	-0.036285	-0.009452	0.000000	0.000000	0.000000	0.000007	0.038026	0.014521
5.150000	-0.070129	-0.279253	1.000000	-0.037438	0.173780	-0.088686	0.000000	0.000000	0.000000	0.000007	-0.159370	0.095276
5.159000	-0.070681	-0.296706	1.000000	0.807368	0.154587	-0.021231	0.000000	0.000000	0.000000	0.000007	-0.198917	0.042974
5.170000	-0.071233	-0.296706	1.000000	-1.024274	0.080257	0.070755	0.000000	0.000000	0.000000	0.000007	-0.186448	-0.047020
5.180000	-0.071404	-0.314159	1.000000	0.292940	-0.079667	0.102314	0.000000	0.000000	0.000000	0.000007	-0.071374	-0.095489
5.190000	-0.071208	-0.331613	1.000000	0.542623	-0.161517	-0.129046	0.000000	0.000000	0.000000	0.000007	0.016605	0.110732
5.199000	-0.070447	-0.331613	1.000000	0.432726	-0.197625	0.109101	0.000000	0.000000	0.000000	0.000007	0.091236	-0.112354
5.210000	-0.068975	-0.349066	1.000000	-0.357729	-0.116470	-0.015768	0.000000	0.000000	0.000000	0.000007	0.070065	-0.012439
5.220000	-0.067430	-0.375246	1.000000	1.089304	-0.002188	0.011242	0.000000	0.000000	0.000000	0.000007	-0.001341	-0.040926
5.230000	-0.066130	-0.375246	1.000000	2.281315	-0.031656	-0.122415	0.000000	0.000000	0.000000	0.000007	0.038175	0.088958
5.239000	-0.065455	-0.392699	1.000000	0.989415	-0.008534	-0.156489	0.000000	0.000000	0.000000	0.000007	0.035958	0.145215
5.250000	-0.065455	-0.392699	1.000000	0.527142	-0.096863	-0.017315	0.000000	0.000000	0.000000	0.000007	0.139005	0.037235
5.260000	-0.065835	-0.415000	1.000000	-0.075031	0.204602	0.055193	0.000000	0.000000	0.000000	0.000007	-0.116352	-0.026024
5.270000	-0.066694	-0.422757	1.000000	-1.757713	0.090516	0.020823	0.000000	0.000000	0.000000	0.000007	-0.055739	0.004801
5.279000	-0.067908	-0.422757	1.000000	0.178792	-0.028185	0.026202	0.000000	0.000000	0.000000	0.000007	0.038186	0.000511
5.289000	-0.069209	-0.453786	1.000000	0.440155	0.087894	0.038648	0.000000	0.000000	0.000000	0.000007	-0.066390	-0.012802
5.300000	-0.070509	-0.484814	1.000000	-0.988035	-0.094560	0.061448	0.000000	0.000000	0.000000	0.000007	0.088479	-0.039937
5.310000	-0.071515	-0.484814	1.000000	-0.710447	0.105640	0.112139	0.000000	0.000000	0.000000	0.000007	-0.080567	-0.099872
5.320000	-0.072275	-0.523599	1.000000	-0.358473	-0.125295	-0.068169	0.000000	0.000000	0.000000	0.000007	0.116998	0.061023
5.329000	-0.072913	-0.567232	1.000000	-0.352669	0.053501	0.050253	0.000000	0.000000	0.000000	0.000007	-0.020427	-0.045387
5.340000	-0.073649	-0.567232	1.000000	0.275785	-0.005779	0.124310	0.000000	0.000000	0.000000	0.000007	0.024814	-0.127578
5.350000	-0.074397	-0.610865	1.000000	1.578282	0.105049	0.003249	0.000000	0.000000	0.000000	0.000007	-0.081953	-0.028220
5.360000	-0.075268	-0.610865	1.000000	-1.095108	0.005715	0.018007	0.000000	0.000000	0.000000	0.000007	-0.016638	-0.044310
5.369000	-0.076237	-0.645772	1.000000	0.187274	-0.113726	-0.133840	0.000000	0.000000	0.000000	0.000007	0.097832	0.103430
5.380000	-0.077403	-0.707652	1.000000	1.642233	-0.131494	-0.140640	0.000000	0.000000	0.000000	0.000007	0.151785	0.133633
5.390000	-0.078519	-0.707652	1.000000	-0.791526	-0.092757	0.104473	0.000000	0.000000	0.000000	0.000007	0.161368	-0.084352
5.400000	-0.079795	-0.758425	1.000000	-0.284658	0.152544	-0.126070	0.000000	0.000000	0.000000	0.000007	-0.041756	0.132159
