当前时刻	小车位置	摆杆偏角	触发标志	外部高斯	残差1	残差2	残差上界1	残差上界2	残差上界3	残差上界4	水印1	水印2	
0.000000	-0.000159	-0.008727	1.000000	2.570582	-0.000159	-0.008727	0.000000	0.000000	0.000000	0.000006	-0.005252	0.005287
0.011000	-0.000159	-0.008727	0.000000	-0.608616	-0.000159	-0.008727	0.001010	0.000000	0.000000	0.001016	-0.005252	0.005287
0.021000	-0.000159	-0.008727	0.000000	-0.288598	-0.000159	-0.008727	0.001010	0.000000	0.000000	0.001016	-0.005252	0.005287
0.030000	-0.000159	-0.008727	0.000000	0.763309	-0.000159	-0.008727	0.001010	0.000000	0.000000	0.001016	-0.005252	0.005287
0.040000	-0.000159	-0.008727	0.000000	0.724230	-0.000159	-0.008726	0.001010	0.000000	0.000000	0.001016	-0.005252	0.005287
0.051000	-0.000159	-0.012467	1.000000	0.260038	-0.000159	-0.012466	0.000000	0.000000	0.000000	0.000006	0.005532	-0.002361
0.061000	-0.000159	-0.012467	0.000000	1.854184	-0.000126	-0.012302	0.001010	0.000000	0.000000	0.001016	0.005532	-0.002361
0.070000	-0.000159	-0.008727	1.000000	-0.243630	-0.000123	-0.008537	0.000000	0.000000	0.000000	0.000006	0.001192	-0.007344
0.080000	-0.000159	-0.008727	0.000000	-0.246358	-0.000080	-0.008249	0.001010	0.000000	0.000000	0.001016	0.001192	-0.007344
0.091000	-0.000159	-0.012467	1.000000	-0.028876	-0.000080	-0.011944	0.000000	0.000000	0.000000	0.000006	-0.002334	0.002598
0.101000	-0.000159	-0.017453	1.000000	1.520438	-0.000058	-0.016171	0.000000	0.000000	0.000000	0.000006	0.011083	0.024916
0.110000	-0.000159	-0.017453	0.000000	1.601145	-0.000072	-0.014849	0.001010	0.000000	0.000000	0.001016	0.011083	0.024916
0.120000	-0.000159	-0.017453	0.000000	-0.979618	-0.000132	-0.014698	0.001010	0.000000	0.000000	0.001016	0.011083	0.024916
0.131000	-0.000147	-0.012467	1.000000	-2.048887	-0.000203	-0.009618	0.000001	0.000000	0.000000	0.000006	0.004785	-0.006818
0.141000	-0.000147	-0.012467	0.000000	-0.590798	-0.000207	-0.008146	0.001010	0.000000	0.000000	0.001017	0.004785	-0.006818
0.150000	-0.000147	-0.008727	1.000000	0.632102	-0.000341	-0.004321	0.000001	0.000000	0.000000	0.000007	0.001436	0.005918
0.160000	-0.000135	-0.017453	1.000000	0.617709	-0.000315	-0.012197	0.000000	0.000000	0.000000	0.000007	0.001917	-0.019099
0.171000	-0.000061	-0.017453	0.000000	0.372421	-0.000377	-0.009807	0.001010	0.000000	0.000000	0.001017	0.001917	-0.019099
0.181000	0.000025	-0.017453	0.000000	0.125467	-0.000607	-0.009741	0.001010	0.000000	0.000000	0.001017	0.001917	-0.019099
0.191000	0.000159	-0.017453	0.000000	-1.140295	-0.000878	-0.009777	0.001011	0.000000	0.000000	0.001018	0.001917	-0.019099
0.200000	0.000393	-0.017453	0.000000	-0.224410	-0.001184	-0.009898	0.001011	0.000000	0.000000	0.001018	0.001917	-0.019099
0.210000	0.000711	-0.012467	1.000000	-0.340618	-0.000675	-0.005102	0.000001	0.000000	0.000000	0.000008	-0.015664	0.004249
0.221000	0.001079	-0.012467	0.000000	0.438926	-0.000573	-0.003556	0.001011	0.000000	0.000000	0.001018	-0.015664	0.004249
0.231000	0.001447	-0.010908	0.000000	0.539371	-0.000934	-0.003788	0.001011	0.000000	0.000000	0.001018	-0.015664	0.004249
0.240000	0.001852	-0.008727	1.000000	-1.046723	-0.000184	-0.000350	0.000001	0.000000	0.000000	0.000009	0.015581	-0.015030
0.250000	0.002294	-0.008727	0.000000	-0.907624	-0.000481	-0.000583	0.001010	0.000000	0.000000	0.001018	0.015581	-0.015030
0.261000	0.002821	-0.004987	1.000000	0.157851	0.000060	0.002749	0.000001	0.000000	0.000000	0.000008	-0.002335	-0.007664
0.271000	0.003312	-0.014960	1.000000	-0.954115	0.000078	-0.008657	0.000000	0.000000	0.000000	0.000008	-0.003953	-0.009416
0.280000	0.003852	-0.014960	0.000000	0.777303	-0.000431	-0.006571	0.001010	0.000000	0.000000	0.001018	-0.003953	-0.009416
0.290000	0.004416	-0.014960	0.000000	1.690475	-0.000937	-0.006985	0.001010	0.000000	0.000000	0.001018	-0.003953	-0.009416
0.301000	0.005078	-0.014960	0.000000	0.755485	-0.001466	-0.007444	0.001011	0.000000	0.000000	0.001018	-0.003953	-0.009416
0.311000	0.005729	-0.014960	0.000000	0.506832	-0.002014	-0.007937	0.001011	0.000000	0.000000	0.001019	-0.003953	-0.009416
0.320000	0.006366	0.000000	1.000000	1.671552	0.000477	0.006506	0.000001	0.000000	0.000000	0.000009	-0.000742	-0.014508
0.330000	0.007004	0.000000	0.000000	-0.216309	-0.000423	0.003191	0.001011	0.000000	0.000000	0.001018	-0.000742	-0.014508
0.341000	0.007703	0.000000	0.000000	-0.059779	-0.001008	0.002496	0.001011	0.000000	0.000000	0.001019	-0.000742	-0.014508
0.351000	0.008354	0.000000	0.000000	0.638696	-0.001584	0.001837	0.001011	0.000000	0.000000	0.001019	-0.000742	-0.014508
0.360000	0.009004	0.000000	0.000000	0.298773	-0.002149	0.001212	0.001011	0.000000	0.000000	0.001020	-0.000742	-0.014508
0.370000	0.009678	0.000000	1.000000	-1.654021	0.000607	0.000620	0.000001	0.000000	0.000000	0.000011	-0.004788	0.014275
0.381000	0.010414	0.010472	1.000000	0.997919	0.000320	0.010222	0.000001	0.000000	0.000000	0.000009	0.014714	0.006822
0.391000	0.011077	0.010472	0.000000	-1.911083	-0.000401	0.005847	0.001010	0.000000	0.000000	0.001018	0.014714	0.006822
0.400000	0.011715	0.004987	1.000000	-0.329504	0.000367	-0.000301	0.000000	0.000000	0.000000	0.000008	-0.005421	-0.004276
0.410000	0.012303	0.002909	0.000000	1.333399	-0.000318	-0.000755	0.001010	0.000000	0.000000	0.001018	-0.005421	-0.004276
0.421000	0.012917	0.002909	0.000000	0.009772	-0.000808	-0.001228	0.001010	0.000000	0.000000	0.001018	-0.005421	-0.004276
0.431000	0.013432	0.005818	0.000000	0.279931	-0.001270	-0.001631	0.001011	0.000000	0.000000	0.001019	-0.005421	-0.004276
0.441000	0.013923	0.000000	1.000000	-1.006767	0.000502	-0.006957	0.000001	0.000000	0.000000	0.000009	0.012374	-0.007597
0.450000	0.014401	0.000000	0.000000	0.478438	-0.000275	-0.004413	0.001010	0.000000	0.000000	0.001018	0.012374	-0.007597
0.460000	0.014879	0.005818	1.000000	1.914865	0.000203	0.001261	0.000001	0.000000	0.000000	0.000009	-0.000137	-0.007367
0.471000	0.015395	0.005818	0.000000	0.046076	-0.000389	0.000630	0.001010	0.000000	0.000000	0.001018	-0.000137	-0.007367
0.481000	0.015861	0.005818	0.000000	1.079801	-0.000872	0.000434	0.001011	0.000000	0.000000	0.001018	-0.000137	-0.007367
0.490000	0.016315	0.007480	0.000000	-1.102523	-0.001349	0.000238	0.001011	0.000000	0.000000	0.001019	-0.000137	-0.007367
0.500000	0.016719	0.007480	0.000000	-0.124871	-0.001819	0.000046	0.001011	0.000000	0.000000	0.001020	-0.000137	-0.007367
0.511000	0.017173	0.010472	1.000000	0.316328	0.000013	0.004513	0.000001	0.000000	0.000000	0.000010	-0.007305	0.012402
0.521000	0.017578	0.010472	0.000000	-0.467269	-0.000434	0.002228	0.001011	0.000000	0.000000	0.001019	-0.007305	0.012402
0.530000	0.017983	0.010472	0.000000	-0.487644	-0.000848	0.001975	0.001011	0.000000	0.000000	0.001019	-0.007305	0.012402
0.540000	0.018363	0.005818	1.000000	-1.220745	-0.000048	-0.002887	0.000001	0.000000	0.000000	0.000010	0.013406	-0.001045
0.551000	0.018756	0.005818	0.000000	0.013899	-0.000396	-0.001780	0.001010	0.000000	0.000000	0.001018	0.013406	-0.001045
0.561000	0.019087	0.005818	0.000000	1.540138	-0.000762	-0.001858	0.001011	0.000000	0.000000	0.001019	0.013406	-0.001045
0.570000	0.019430	0.010472	1.000000	0.523416	-0.000050	0.002729	0.000001	0.000000	0.000000	0.000009	-0.006267	-0.016783
0.580000	0.019774	0.010472	0.000000	0.791091	-0.000352	0.001508	0.001010	0.000000	0.000000	0.001018	-0.006267	-0.016783
0.591000	0.020142	0.005818	1.000000	-0.198681	0.000048	-0.003243	0.000001	0.000000	0.000000	0.000009	0.011106	0.017847
0.601000	0.020449	0.010472	1.000000	0.219322	0.000024	0.002563	0.000000	0.000000	0.000000	0.000008	-0.008941	-0.003135
0.610000	0.020755	0.010472	0.000000	2.100962	-0.000279	0.001776	0.001010	0.000000	0.000000	0.001018	-0.008941	-0.003135
0.620000	0.021037	0.010472	0.000000	-0.171235	-0.000557	0.001750	0.001010	0.000000	0.000000	0.001018	-0.008941	-0.003135
0.631000	0.021319	0.006981	1.000000	-2.022387	0.000049	-0.001752	0.000001	0.000000	0.000000	0.000008	-0.009175	0.006506
0.641000	0.021553	0.006981	0.000000	-0.514743	-0.000237	-0.001144	0.001010	0.000000	0.000000	0.001018	-0.009175	0.006506
0.650000	0.021761	0.007480	0.000000	-2.275925	-0.000489	-0.001101	0.001011	0.000000	0.000000	0.001018	-0.009175	0.006506
0.660000	0.021982	0.010472	1.000000	-0.330935	-0.000071	0.002434	0.000001	0.000000	0.000000	0.000009	0.008710	-0.004597
0.671000	0.022203	0.010472	0.000000	-1.719550	-0.000255	0.001581	0.001010	0.000000	0.000000	0.001018	0.008710	-0.004597
0.681000	0.022399	0.010472	0.000000	1.609988	-0.000462	0.001590	0.001011	0.000000	0.000000	0.001018	0.008710	-0.004597
0.691000	0.022583	0.010472	0.000000	0.452851	-0.000655	0.001618	0.001011	0.000000	0.000000	0.001019	0.008710	-0.004597
0.700000	0.022742	0.005818	1.000000	1.122767	-0.000072	-0.002993	0.000001	0.000000	0.000000	0.000009	-0.007129	0.006128
0.710000	0.022902	0.014544	1.000000	0.996067	-0.000038	0.007078	0.000000	0.000000	0.000000	0.000008	-0.003385	0.000023
0.721000	0.023074	0.014544	0.000000	0.097558	-0.000165	0.004801	0.001010	0.000000	0.000000	0.001018	-0.003385	0.000023
0.731000	0.023209	0.010472	1.000000	-1.387060	0.000020	0.000745	0.000000	0.000000	0.000000	0.000008	-0.006041	0.001420
0.740000	0.023319	0.007480	0.000000	1.049160	-0.000090	0.000564	0.001010	0.000000	0.000000	0.001018	-0.006041	0.001420
0.750000	0.023417	0.007480	0.000000	0.387677	-0.000170	0.000644	0.001010	0.000000	0.000000	0.001018	-0.006041	0.001420
0.761000	0.023503	0.014544	1.000000	-0.492424	0.000063	0.004826	0.000001	0.000000	0.000000	0.000008	0.005727	-0.010979
0.771000	0.023564	0.010472	1.000000	0.384917	0.000058	-0.000831	0.000000	0.000000	0.000000	0.000008	0.003069	-0.001623
0.780000	0.023613	0.010472	0.000000	-1.249219	0.000024	-0.000489	0.001010	0.000000	0.000000	0.001018	0.003069	-0.001623
0.790000	0.023626	0.005818	1.000000	0.426740	0.000099	-0.004991	0.000000	0.000000	0.000000	0.000008	-0.009559	-0.006586
0.801000	0.023626	0.007480	0.000000	0.829119	0.000072	-0.003309	0.001010	0.000000	0.000000	0.001018	-0.009559	-0.006586
0.811000	0.023626	0.007480	0.000000	0.515378	0.000095	-0.003033	0.001010	0.000000	0.000000	0.001018	-0.009559	-0.006586
0.820000	0.023626	0.011636	1.000000	-0.432938	0.000126	0.003058	0.000001	0.000000	0.000000	0.000008	0.005957	0.014691
0.830000	0.023626	0.011636	0.000000	-0.622464	0.000097	0.002281	0.001010	0.000000	0.000000	0.001018	0.005957	0.014691
0.841000	0.023626	0.011636	0.000000	0.342453	0.000149	0.002494	0.001011	0.000000	0.000000	0.001018	0.005957	0.014691
0.851000	0.023626	0.011636	0.000000	0.394327	0.000213	0.002719	0.001011	0.000000	0.000000	0.001019	0.005957	0.014691
0.860000	0.023613	0.011636	0.000000	-0.235693	0.000290	0.002953	0.001011	0.000000	0.000000	0.001019	0.005957	0.014691
0.870000	0.023589	0.008727	0.000000	-0.313035	0.000378	0.003193	0.001011	0.000000	0.000000	0.001020	0.005957	0.014691
0.881000	0.023564	0.008727	0.000000	0.032995	0.000477	0.003437	0.001011	0.000000	0.000000	0.001021	0.005957	0.014691
0.891000	0.023515	0.008727	0.000000	-0.301214	0.000584	0.003680	0.001011	0.000000	0.000000	0.001022	0.005957	0.014691
0.900000	0.023442	0.005818	1.000000	1.099553	0.000517	-0.001895	0.000001	0.000000	0.000000	0.000012	-0.009957	-0.001173
0.910000	0.023319	0.010472	1.000000	-0.782656	0.000045	0.004123	0.000001	0.000000	0.000000	0.000009	0.008115	0.000798
0.921000	0.023172	0.010472	0.000000	-0.292310	0.000104	0.002723	0.001010	0.000000	0.000000	0.001018	0.008115	0.000798
0.931000	0.023025	0.019947	1.000000	-1.087448	-0.000098	0.012404	0.000000	0.000000	0.000000	0.000009	-0.013768	0.010178
0.941000	0.022877	0.004987	1.000000	2.460843	-0.000053	-0.006874	0.000000	0.000000	0.000000	0.000008	-0.003561	-0.015050
0.950000	0.022706	0.004987	0.000000	1.029571	0.000142	-0.004712	0.001010	0.000000	0.000000	0.001018	-0.003561	-0.015050
0.960000	0.022509	0.010472	1.000000	0.004948	-0.000028	0.001018	0.000000	0.000000	0.000000	0.000008	0.004002	-0.010568
0.971000	0.022264	0.013963	1.000000	0.469107	-0.000039	0.004474	0.000000	0.000000	0.000000	0.000007	0.005541	0.002162
0.981000	0.022019	0.013963	0.000000	-1.052472	0.000231	0.003584	0.001010	0.000000	0.000000	0.001017	0.005541	0.002162
0.990000	0.021761	0.010472	1.000000	0.036597	0.000010	0.000362	0.000000	0.000000	0.000000	0.000008	-0.005569	-0.000031
1.000000	0.021467	0.010472	0.000000	-0.789203	0.000312	0.000582	0.001010	0.000000	0.000000	0.001017	-0.005569	-0.000031
1.011000	0.021123	0.017453	1.000000	-0.134907	0.000002	0.007913	0.000000	0.000000	0.000000	0.000008	0.002454	-0.008787
1.021000	0.020767	0.019947	0.000000	0.590958	0.000367	0.006060	0.001010	0.000000	0.000000	0.001017	0.002454	-0.008787
1.030000	0.020399	0.019947	0.000000	-0.314457	0.000767	0.006371	0.001011	0.000000	0.000000	0.001018	0.002454	-0.008787
1.040000	0.019995	0.019947	0.000000	-0.734708	0.001197	0.006738	0.001011	0.000000	0.000000	0.001018	0.002454	-0.008787
1.051000	0.019492	0.014544	1.000000	-1.319658	0.000021	0.004242	0.000001	0.000000	0.000000	0.000009	0.007249	-0.003953
1.061000	0.018977	0.014544	0.000000	1.633532	0.000499	0.003140	0.001010	0.000000	0.000000	0.001018	0.007249	-0.003953
1.070000	0.018449	0.010472	1.000000	-1.669607	-0.000023	-0.000498	0.000001	0.000000	0.000000	0.000008	0.013284	-0.024011
1.080000	0.017897	0.010472	0.000000	1.232289	0.000538	0.000170	0.001010	0.000000	0.000000	0.001018	0.013284	-0.024011
1.091000	0.017284	0.019947	1.000000	0.247362	-0.000057	0.010188	0.000001	0.000000	0.000000	0.000008	0.016971	0.002669
1.101000	0.016719	0.004987	1.000000	1.048079	0.000028	-0.007593	0.000000	0.000000	0.000000	0.000008	0.008101	0.014343
1.110000	0.016118	0.004987	0.000000	-1.990353	0.000661	-0.004953	0.001010	0.000000	0.000000	0.001018	0.008101	0.014343
1.120000	0.015493	0.014544	1.000000	0.121018	0.000097	0.005244	0.000000	0.000000	0.000000	0.000008	-0.007741	0.005833
1.131000	0.014757	0.008727	1.000000	-0.713496	0.000006	-0.001445	0.000000	0.000000	0.000000	0.000007	0.008892	-0.005898
1.141000	0.014033	0.008727	0.000000	0.835217	0.000710	-0.000460	0.001010	0.000000	0.000000	0.001017	0.008892	-0.005898
1.150000	0.013273	0.017453	1.000000	-1.800142	-0.000051	0.008929	0.000000	0.000000	0.000000	0.000008	0.015832	0.010243
1.160000	0.012487	0.014544	0.000000	-0.011049	0.000733	0.007188	0.001010	0.000000	0.000000	0.001017	0.015832	0.010243
1.171000	0.011653	0.014544	1.000000	0.671344	-0.000092	0.004871	0.000000	0.000000	0.000000	0.000008	-0.008370	0.014424
1.181000	0.010905	0.014544	0.000000	0.950171	0.000786	0.004156	0.001010	0.000000	0.000000	0.001017	-0.008370	0.014424
1.191000	0.010095	0.014544	0.000000	1.508542	0.001657	0.004795	0.001011	0.000000	0.000000	0.001018	-0.008370	0.014424
1.200000	0.009237	0.014544	0.000000	0.355199	0.002554	0.005489	0.001011	0.000000	0.000000	0.001018	-0.008370	0.014424
1.210000	0.008329	0.011636	1.000000	1.048006	0.000148	0.003314	0.000001	0.000000	0.000000	0.000009	-0.004093	0.002167
1.221000	0.007262	0.011636	0.000000	0.763992	0.000995	0.002864	0.001010	0.000000	0.000000	0.001018	-0.004093	0.002167
1.231000	0.006305	0.011636	0.000000	0.212930	0.001954	0.003613	0.001011	0.000000	0.000000	0.001019	-0.004093	0.002167
1.240000	0.005361	0.005818	1.000000	-0.537322	-0.000037	-0.001423	0.000001	0.000000	0.000000	0.000009	-0.018053	0.006753
1.250000	0.004391	0.005818	0.000000	-0.902322	0.000974	-0.000051	0.001010	0.000000	0.000000	0.001018	-0.018053	0.006753
1.261000	0.003251	0.017453	1.000000	-0.909016	-0.000139	0.012440	0.000001	0.000000	0.000000	0.000008	0.006482	0.004509
1.271000	0.002196	0.005818	1.000000	1.094465	-0.000076	-0.002799	0.000000	0.000000	0.000000	0.000008	-0.004559	0.004822
1.280000	0.001178	0.005818	0.000000	1.851609	0.001036	-0.001266	0.001010	0.000000	0.000000	0.001018	-0.004559	0.004822
1.290000	0.000135	0.005818	0.000000	-2.124808	0.002142	-0.000469	0.001010	0.000000	0.000000	0.001018	-0.004559	0.004822
1.301000	-0.001055	0.011636	1.000000	-3.268945	0.000014	0.006186	0.000001	0.000000	0.000000	0.000008	-0.007449	-0.016471
1.311000	-0.002183	0.011636	0.000000	0.114420	0.001161	0.004954	0.001010	0.000000	0.000000	0.001018	-0.007449	-0.016471
1.320000	-0.003337	0.017453	1.000000	1.118192	0.000059	0.011569	0.000001	0.000000	0.000000	0.000008	-0.008891	-0.004530
1.330000	-0.004453	0.017453	0.000000	-0.874437	0.001260	0.008644	0.001010	0.000000	0.000000	0.001018	-0.008891	-0.004530
1.341000	-0.005741	0.017453	0.000000	0.634355	0.002534	0.009380	0.001011	0.000000	0.000000	0.001018	-0.008891	-0.004530
1.351000	-0.006992	0.007480	1.000000	0.296669	0.000188	0.000229	0.000001	0.000000	0.000000	0.000008	0.003823	-0.001336
1.360000	-0.008305	0.007480	0.000000	1.489165	0.001412	0.001064	0.001010	0.000000	0.000000	0.001018	0.003823	-0.001336
1.370000	-0.009617	0.011636	1.000000	0.491100	0.000135	0.006185	0.000001	0.000000	0.000000	0.000008	0.001285	0.001180
1.381000	-0.011040	0.010472	0.000000	1.136295	0.001443	0.005094	0.001010	0.000000	0.000000	0.001018	0.001285	0.001180
1.391000	-0.012451	0.010472	0.000000	-1.313676	0.002845	0.006042	0.001011	0.000000	0.000000	0.001018	0.001285	0.001180
1.400000	-0.013861	0.014544	1.000000	-0.969139	0.000024	0.009947	0.000001	0.000000	0.000000	0.000009	-0.009697	0.000124
1.410000	-0.015272	0.010472	1.000000	0.098849	0.000070	0.003274	0.000000	0.000000	0.000000	0.000008	-0.007447	0.008114
1.421000	-0.016916	0.010472	0.000000	0.328383	0.001553	0.003220	0.001010	0.000000	0.000000	0.001018	-0.007447	0.008114
1.431000	-0.018425	0.007480	1.000000	-2.377073	-0.000049	0.001212	0.000000	0.000000	0.000000	0.000008	-0.007775	-0.001467
1.441000	-0.019946	0.017453	1.000000	0.188649	0.000038	0.011887	0.000000	0.000000	0.000000	0.000007	-0.000159	0.014603
1.450000	-0.021503	0.017453	0.000000	-2.395868	0.001663	0.009833	0.001010	0.000000	0.000000	0.001017	-0.000159	0.014603
1.460000	-0.023147	0.014544	1.000000	1.565643	0.000143	0.007956	0.000000	0.000000	0.000000	0.000008	0.019345	0.003306
1.471000	-0.025012	0.014544	0.000000	-1.544063	0.001810	0.006892	0.001010	0.000000	0.000000	0.001017	0.019345	0.003306
1.481000	-0.026717	0.011636	1.000000	1.129740	0.000010	0.005097	0.000000	0.000000	0.000000	0.000008	-0.008094	0.002494
1.490000	-0.028508	0.007480	1.000000	-0.021011	0.000030	0.000704	0.000000	0.000000	0.000000	0.000007	-0.000264	0.016777
1.500000	-0.030274	0.007480	0.000000	-0.536472	0.001871	0.001754	0.001010	0.000000	0.000000	0.001017	-0.000264	0.016777
1.511000	-0.032298	0.010472	1.000000	-2.045111	-0.000038	0.006043	0.000000	0.000000	0.000000	0.000008	0.012769	0.007558
1.521000	-0.034199	0.000000	1.000000	-1.126578	-0.000003	-0.004702	0.000000	0.000000	0.000000	0.000007	0.004431	0.001272
1.530000	-0.036076	0.000000	0.000000	-0.438034	0.001935	-0.002214	0.001010	0.000000	0.000000	0.001017	0.004431	0.001272
1.540000	-0.038027	0.006981	1.000000	0.519884	0.000053	0.006207	0.000000	0.000000	0.000000	0.000007	-0.005889	0.003889
1.551000	-0.040222	0.006981	0.000000	0.128887	0.001993	0.006027	0.001010	0.000000	0.000000	0.001017	-0.005889	0.003889
1.561000	-0.042185	0.006981	1.000000	1.027176	-0.000193	0.007405	0.000000	0.000000	0.000000	0.000008	-0.005111	0.001602
1.570000	-0.044197	0.006981	0.000000	0.273153	0.001901	0.006771	0.001010	0.000000	0.000000	0.001017	-0.005111	0.001602
1.580000	-0.046184	0.006981	1.000000	1.498559	-0.000072	0.008101	0.000000	0.000000	0.000000	0.000008	0.004503	0.007192
1.591000	-0.048429	0.002909	1.000000	0.413229	-0.000223	0.003087	0.000000	0.000000	0.000000	0.000007	0.008444	-0.011024
1.601000	-0.050490	0.000000	1.000000	-1.188348	-0.000096	0.000701	0.000000	0.000000	0.000000	0.000007	-0.011303	-0.012837
1.610000	-0.052563	0.000000	0.000000	1.444666	0.002067	0.001874	0.001010	0.000000	0.000000	0.001017	-0.011303	-0.012837
1.620000	-0.054685	0.000000	1.000000	0.564542	0.000016	0.003256	0.000000	0.000000	0.000000	0.000007	0.005417	0.005497
1.631000	-0.056991	0.008727	1.000000	0.055920	-0.000139	0.012571	0.000000	0.000000	0.000000	0.000007	0.023637	0.000416
1.641000	-0.059162	0.008727	0.000000	-0.991782	0.002109	0.011020	0.001010	0.000000	0.000000	0.001017	0.023637	0.000416
1.650000	-0.061333	0.000000	1.000000	-1.481866	-0.000010	0.003591	0.000000	0.000000	0.000000	0.000007	0.003635	-0.005871
1.660000	-0.063541	-0.008727	1.000000	0.646369	0.000034	-0.004673	0.000000	0.000000	0.000000	0.000007	-0.007066	-0.001176
1.671000	-0.065995	-0.008727	0.000000	-1.742252	0.002273	-0.002183	0.001010	0.000000	0.000000	0.001017	-0.007066	-0.001176
1.681000	-0.068178	0.000000	1.000000	-0.331658	-0.000116	0.008023	0.000000	0.000000	0.000000	0.000007	0.002638	-0.015065
1.691000	-0.070435	-0.004987	1.000000	-0.325577	-0.000058	0.002466	0.000000	0.000000	0.000000	0.000007	-0.006845	0.002745
1.700000	-0.072680	-0.004987	0.000000	-0.687285	0.002242	0.003280	0.001010	0.000000	0.000000	0.001017	-0.006845	0.002745
1.710000	-0.074962	-0.010908	1.000000	0.168071	-0.000003	-0.001250	0.000000	0.000000	0.000000	0.000007	0.009178	0.002293
1.721000	-0.077452	-0.010908	0.000000	1.420885	0.002271	0.000486	0.001010	0.000000	0.000000	0.001017	0.009178	0.002293
1.731000	-0.079697	-0.008727	1.000000	0.963474	-0.000204	0.004101	0.000000	0.000000	0.000000	0.000008	0.006715	-0.003752
1.740000	-0.081966	-0.014960	1.000000	-0.810123	-0.000119	-0.001826	0.000000	0.000000	0.000000	0.000007	-0.003727	0.004991
1.750000	-0.084247	-0.014960	0.000000	-0.749904	0.002181	-0.000014	0.001010	0.000000	0.000000	0.001017	-0.003727	0.004991
1.761000	-0.086713	-0.017453	1.000000	0.873061	-0.000333	-0.001136	0.000000	0.000000	0.000000	0.000007	0.000286	0.003274
1.771000	-0.088958	-0.012467	1.000000	-0.247010	-0.000213	0.005500	0.000000	0.000000	0.000000	0.000007	-0.025900	-0.004151
1.780000	-0.091141	-0.012467	0.000000	0.381414	0.002085	0.005501	0.001010	0.000000	0.000000	0.001017	-0.025900	-0.004151
1.790000	-0.093313	-0.012467	1.000000	0.630180	-0.000071	0.006733	0.000000	0.000000	0.000000	0.000007	-0.002603	-0.002486
1.801000	-0.095717	-0.013575	0.000000	-1.981846	0.002151	0.006199	0.001010	0.000000	0.000000	0.001017	-0.002603	-0.002486
1.811000	-0.097863	-0.013575	1.000000	1.217902	-0.000224	0.006206	0.000000	0.000000	0.000000	0.000008	-0.013138	0.001218
1.820000	-0.100022	-0.012467	0.000000	1.606886	0.002062	0.005627	0.001010	0.000000	0.000000	0.001017	-0.013138	0.001218
1.830000	-0.102120	-0.012467	1.000000	0.609496	-0.000019	0.007779	0.000000	0.000000	0.000000	0.000008	-0.008495	0.000343
1.841000	-0.104451	-0.012467	0.000000	-0.558320	0.002172	0.006626	0.001010	0.000000	0.000000	0.001018	-0.008495	0.000343
1.851000	-0.106573	-0.017453	1.000000	-1.529569	-0.000102	0.002615	0.000000	0.000000	0.000000	0.000008	-0.014269	0.005344
1.860000	-0.108670	-0.017453	0.000000	0.147070	0.002127	0.002873	0.001010	0.000000	0.000000	0.001018	-0.014269	0.005344
1.870000	-0.110805	-0.017453	1.000000	0.955350	0.000068	0.003884	0.000000	0.000000	0.000000	0.000008	0.003559	-0.001579
1.881000	-0.113062	-0.026180	1.000000	0.234535	-0.000056	-0.004963	0.000000	0.000000	0.000000	0.000007	0.004724	0.013311
1.891000	-0.115172	-0.026180	0.000000	-1.093701	0.002109	-0.002649	0.001010	0.000000	0.000000	0.001017	0.004724	0.013311
1.900000	-0.117269	-0.017453	1.000000	-0.623221	0.000017	0.007155	0.000000	0.000000	0.000000	0.000008	-0.013116	-0.005526
1.910000	-0.119355	-0.029920	1.000000	0.550256	0.000026	-0.006234	0.000000	0.000000	0.000000	0.000007	0.002386	0.010561
1.921000	-0.121599	-0.029920	0.000000	0.617536	0.002083	-0.003726	0.001010	0.000000	0.000000	0.001017	0.002386	0.010561
1.931000	-0.123623	-0.017453	1.000000	1.952167	-0.000156	0.009765	0.000000	0.000000	0.000000	0.000007	0.009762	0.003169
1.941000	-0.125647	-0.017453	0.000000	-0.813949	0.001933	0.008159	0.001010	0.000000	0.000000	0.001017	0.009762	0.003169
1.950000	-0.127635	-0.026180	1.000000	0.888902	-0.000074	0.000266	0.000000	0.000000	0.000000	0.000008	0.004318	0.007294
1.960000	-0.129597	-0.026180	0.000000	0.948765	0.001944	0.001047	0.001010	0.000000	0.000000	0.001017	0.004318	0.007294
1.971000	-0.131707	-0.026180	1.000000	0.105474	-0.000172	0.001896	0.000000	0.000000	0.000000	0.000008	0.013561	-0.008410
1.981000	-0.133609	-0.021332	1.000000	0.162747	-0.000054	0.007041	0.000000	0.000000	0.000000	0.000007	-0.004468	-0.007045
1.990000	-0.135498	-0.034907	1.000000	0.440249	0.000009	-0.007537	0.000000	0.000000	0.000000	0.000007	0.000405	-0.002165
2.000000	-0.137374	-0.034907	0.000000	-0.977121	0.001902	-0.005032	0.001010	0.000000	0.000000	0.001017	0.000405	-0.002165
2.011000	-0.139398	-0.038397	1.000000	-0.531199	-0.000142	-0.007705	0.000000	0.000000	0.000000	0.000007	0.014350	-0.004344
2.021000	-0.141226	-0.034907	1.000000	0.898788	-0.000106	-0.001466	0.000000	0.000000	0.000000	0.000007	-0.016102	0.001331
2.030000	-0.142968	-0.034907	0.000000	-0.130082	0.001684	-0.000295	0.001010	0.000000	0.000000	0.001017	-0.016102	0.001331
2.040000	-0.144698	-0.034907	1.000000	-1.447811	-0.000096	0.000473	0.000000	0.000000	0.000000	0.000007	0.003366	0.004520
2.051000	-0.146574	-0.034907	0.000000	-0.217061	0.001582	0.001043	0.001010	0.000000	0.000000	0.001017	0.003366	0.004520
2.061000	-0.148181	-0.034907	1.000000	-0.732335	-0.000321	0.001655	0.000000	0.000000	0.000000	0.000008	-0.009298	-0.002296
2.070000	-0.149739	-0.034907	0.000000	-0.594665	0.001368	0.001755	0.001010	0.000000	0.000000	0.001017	-0.009298	-0.002296
2.080000	-0.151248	-0.034907	0.000000	-1.051637	0.002863	0.002222	0.001011	0.000000	0.000000	0.001018	-0.009298	-0.002296
2.091000	-0.152843	-0.034907	1.000000	0.590450	-0.000357	0.002636	0.000001	0.000000	0.000000	0.000008	0.003652	-0.006426
2.101000	-0.154204	-0.038397	1.000000	0.877187	-0.000106	-0.001332	0.000000	0.000000	0.000000	0.000008	0.012540	0.013504
2.110000	-0.155566	-0.038397	0.000000	-0.095495	0.001319	-0.000664	0.001010	0.000000	0.000000	0.001017	0.012540	0.013504
2.120000	-0.156903	-0.034907	1.000000	-0.999693	-0.000047	0.003110	0.000000	0.000000	0.000000	0.000008	0.005910	0.002303
2.131000	-0.158240	-0.034907	0.000000	0.390276	0.001267	0.002460	0.001010	0.000000	0.000000	0.001018	0.005910	0.002303
2.141000	-0.159430	-0.034907	0.000000	1.665834	0.002519	0.002631	0.001010	0.000000	0.000000	0.001018	0.005910	0.002303
2.150000	-0.160620	-0.034907	1.000000	0.062343	0.000009	0.002781	0.000001	0.000000	0.000000	0.000008	-0.018676	0.006807
2.160000	-0.161761	-0.034907	0.000000	2.402155	0.001175	0.001987	0.001010	0.000000	0.000000	0.001018	-0.018676	0.006807
2.171000	-0.162938	-0.034907	0.000000	1.114537	0.002308	0.002058	0.001011	0.000000	0.000000	0.001018	-0.018676	0.006807
2.181000	-0.163932	-0.034907	1.000000	-0.099929	0.000089	0.002120	0.000001	0.000000	0.000000	0.000009	-0.014664	-0.006175
2.191000	-0.164950	-0.034907	0.000000	-0.309238	0.001093	0.001400	0.001010	0.000000	0.000000	0.001018	-0.014664	-0.006175
2.200000	-0.165943	-0.034907	0.000000	0.568647	0.002110	0.001409	0.001011	0.000000	0.000000	0.001018	-0.014664	-0.006175
2.210000	-0.166888	-0.027925	1.000000	-0.172249	0.000133	0.008395	0.000001	0.000000	0.000000	0.000009	-0.005845	-0.006693
2.221000	-0.167869	-0.027925	0.000000	0.149838	0.001018	0.005159	0.001010	0.000000	0.000000	0.001018	-0.005845	-0.006693
2.231000	-0.168691	-0.029920	0.000000	-0.708476	0.001963	0.005020	0.001011	0.000000	0.000000	0.001019	-0.005845	-0.006693
2.240000	-0.169538	-0.017453	1.000000	2.084239	0.000239	0.015395	0.000001	0.000000	0.000000	0.000009	-0.003907	-0.004447
2.250000	-0.170384	-0.017453	0.000000	-0.659491	0.001044	0.009243	0.001010	0.000000	0.000000	0.001018	-0.003907	-0.004447
2.261000	-0.171316	-0.019947	0.000000	0.839227	0.002005	0.008979	0.001011	0.000000	0.000000	0.001019	-0.003907	-0.004447
2.271000	-0.172138	-0.021332	1.000000	1.856492	0.000379	0.004957	0.000001	0.000000	0.000000	0.000009	0.015880	-0.005908
2.280000	-0.172948	-0.021332	0.000000	-0.349975	0.001134	0.002948	0.001010	0.000000	0.000000	0.001018	0.015880	-0.005908
2.290000	-0.173770	-0.012467	1.000000	-1.302997	0.000486	0.011799	0.000001	0.000000	0.000000	0.000009	0.011355	0.004000
2.301000	-0.174751	-0.012467	0.000000	-0.015745	0.001238	0.007598	0.001010	0.000000	0.000000	0.001018	0.011355	0.004000
2.311000	-0.175683	-0.012467	0.000000	0.070873	0.002264	0.007595	0.001011	0.000000	0.000000	0.001018	0.011355	0.004000
2.320000	-0.176628	-0.017453	1.000000	0.882086	0.000452	0.002736	0.000001	0.000000	0.000000	0.000009	0.020383	-0.015863
2.330000	-0.177572	-0.017453	0.000000	1.444423	0.001243	0.001949	0.001010	0.000000	0.000000	0.001018	0.020383	-0.015863
2.341000	-0.178615	-0.012467	1.000000	-1.522687	0.000305	0.007232	0.000001	0.000000	0.000000	0.000008	-0.000877	-0.000418
2.351000	-0.179609	-0.012467	0.000000	-0.586499	0.001212	0.005074	0.001010	0.000000	0.000000	0.001018	-0.000877	-0.000418
2.360000	-0.180676	-0.012467	0.000000	0.586796	0.002285	0.005417	0.001011	0.000000	0.000000	0.001018	-0.000877	-0.000418
2.370000	-0.181731	-0.008727	1.000000	0.518154	0.000254	0.009589	0.000001	0.000000	0.000000	0.000009	0.003120	0.002989
2.381000	-0.182871	-0.017453	1.000000	0.605437	0.000075	-0.002203	0.000000	0.000000	0.000000	0.000008	-0.015896	-0.015322
2.391000	-0.183914	-0.017453	0.000000	-0.286923	0.001157	-0.001083	0.001010	0.000000	0.000000	0.001018	-0.015896	-0.015322
2.400000	-0.184994	-0.017453	0.000000	-1.950594	0.002280	-0.000518	0.001010	0.000000	0.000000	0.001018	-0.015896	-0.015322
2.410000	-0.186147	-0.012467	1.000000	1.307236	0.000129	0.005099	0.000001	0.000000	0.000000	0.000008	0.012303	-0.008192
2.421000	-0.187398	-0.012467	0.000000	0.892076	0.001191	0.004019	0.001010	0.000000	0.000000	0.001018	0.012303	-0.008192
2.431000	-0.188514	-0.012467	0.000000	0.859453	0.002324	0.004654	0.001011	0.000000	0.000000	0.001018	0.012303	-0.008192
2.441000	-0.189643	-0.012467	1.000000	-0.849481	-0.000043	0.005337	0.000001	0.000000	0.000000	0.000009	0.004198	-0.006324
2.450000	-0.190808	-0.012467	0.000000	-0.644298	0.001125	0.004090	0.001010	0.000000	0.000000	0.001018	0.004198	-0.006324
2.460000	-0.191986	-0.022440	1.000000	-2.279100	-0.000072	-0.005211	0.000001	0.000000	0.000000	0.000008	0.002637	0.006008
2.471000	-0.193249	-0.022440	0.000000	0.304459	0.001096	-0.002677	0.001010	0.000000	0.000000	0.001018	0.002637	0.006008
2.481000	-0.194378	-0.019947	1.000000	1.948710	-0.000187	0.000648	0.000001	0.000000	0.000000	0.000008	-0.014386	0.000870
2.490000	-0.195531	-0.022440	0.000000	-0.773761	0.000999	0.001247	0.001010	0.000000	0.000000	0.001018	-0.014386	0.000870
2.500000	-0.196696	-0.022440	1.000000	-0.211225	-0.000247	-0.000461	0.000000	0.000000	0.000000	0.000008	0.002689	-0.005870
2.511000	-0.197947	-0.023998	0.000000	-0.064825	0.000925	0.000456	0.001010	0.000000	0.000000	0.001018	0.002689	-0.005870
2.521000	-0.199014	-0.034907	1.000000	-1.041094	-0.000367	-0.011260	0.000000	0.000000	0.000000	0.000008	-0.010780	0.011033
2.530000	-0.200057	-0.034907	0.000000	-0.306366	0.000787	-0.006988	0.001010	0.000000	0.000000	0.001018	-0.010780	0.011033
2.540000	-0.201100	-0.034907	0.000000	-0.487707	0.001710	-0.006152	0.001011	0.000000	0.000000	0.001018	-0.010780	0.011033
2.551000	-0.202228	-0.034907	1.000000	-0.855609	-0.000641	-0.005413	0.000001	0.000000	0.000000	0.000008	0.001983	0.006388
2.561000	-0.203161	-0.034907	0.000000	1.531078	0.000537	-0.002875	0.001010	0.000000	0.000000	0.001018	0.001983	0.006388
2.570000	-0.203995	-0.038397	1.000000	0.581631	-0.000464	-0.005733	0.000001	0.000000	0.000000	0.000008	0.009131	0.020479
2.580000	-0.204780	-0.038397	0.000000	-0.916273	0.000477	-0.003291	0.001010	0.000000	0.000000	0.001018	0.009131	0.020479
2.591000	-0.205602	-0.038397	0.000000	0.103479	0.001112	-0.002788	0.001011	0.000000	0.000000	0.001018	0.009131	0.020479
2.601000	-0.206301	-0.039893	0.000000	-0.037075	0.001674	-0.002407	0.001011	0.000000	0.000000	0.001019	0.009131	0.020479
2.610000	-0.206926	-0.039893	1.000000	0.237312	-0.000768	-0.003631	0.000001	0.000000	0.000000	0.000009	0.004845	0.017466
2.620000	-0.207442	-0.034907	1.000000	-1.568278	-0.000342	0.003005	0.000000	0.000000	0.000000	0.000008	0.010914	0.011695
2.631000	-0.207895	-0.034907	0.000000	-1.365811	0.000239	0.002167	0.001010	0.000000	0.000000	0.001018	0.010914	0.011695
2.641000	-0.208251	-0.034907	0.000000	-0.683743	0.000608	0.002179	0.001010	0.000000	0.000000	0.001018	0.010914	0.011695
2.650000	-0.208546	-0.038397	1.000000	-0.658451	-0.000186	-0.001370	0.000001	0.000000	0.000000	0.000008	0.010267	-0.010631
2.660000	-0.208766	-0.034907	1.000000	-2.880349	-0.000047	0.002499	0.000000	0.000000	0.000000	0.000008	-0.000084	-0.002681
2.671000	-0.208950	-0.034907	0.000000	0.376397	0.000189	0.001601	0.001010	0.000000	0.000000	0.001018	-0.000084	-0.002681
2.681000	-0.209049	-0.038397	1.000000	-1.112407	0.000074	-0.002124	0.000000	0.000000	0.000000	0.000008	0.005785	0.014118
2.691000	-0.209122	-0.038397	0.000000	-1.688943	0.000152	-0.001756	0.001010	0.000000	0.000000	0.001018	0.005785	0.014118
2.700000	-0.209147	-0.038397	0.000000	-0.636496	0.000210	-0.002034	0.001010	0.000000	0.000000	0.001018	0.005785	0.014118
2.710000	-0.209147	-0.034907	1.000000	-0.310418	0.000120	0.001138	0.000001	0.000000	0.000000	0.000008	0.000896	0.009966
2.721000	-0.209134	-0.034907	0.000000	-0.986075	0.000012	0.000388	0.001010	0.000000	0.000000	0.001018	0.000896	0.009966
2.731000	-0.209122	-0.034907	0.000000	-1.099085	-0.000076	-0.000026	0.001011	0.000000	0.000000	0.001018	0.000896	0.009966
2.740000	-0.209110	-0.034907	0.000000	-0.321923	-0.000207	-0.000463	0.001011	0.000000	0.000000	0.001019	0.000896	0.009966
2.750000	-0.209036	-0.034907	0.000000	0.076565	-0.000378	-0.000922	0.001011	0.000000	0.000000	0.001019	0.000896	0.009966
2.761000	-0.208840	-0.034907	0.000000	-0.050329	-0.000589	-0.001398	0.001011	0.000000	0.000000	0.001020	0.000896	0.009966
2.771000	-0.208582	-0.034907	0.000000	-0.222653	-0.000838	-0.001888	0.001011	0.000000	0.000000	0.001021	0.000896	0.009966
2.780000	-0.208276	-0.034907	0.000000	-0.486276	-0.001124	-0.002391	0.001011	0.000000	0.000000	0.001022	0.000896	0.009966
2.790000	-0.207920	-0.034907	0.000000	-0.045933	-0.001446	-0.002903	0.001011	0.000000	0.000000	0.001023	0.000896	0.009966
2.801000	-0.207478	-0.029920	1.000000	0.441972	-0.000134	0.001567	0.000002	0.000000	0.000000	0.000014	-0.006645	0.015396
2.811000	-0.207037	-0.029920	0.000000	1.221361	-0.000394	0.000046	0.001011	0.000000	0.000000	0.001020	-0.006645	0.015396
2.820000	-0.206595	-0.026180	1.000000	0.168919	0.000090	0.003198	0.000001	0.000000	0.000000	0.000010	0.010016	0.002204
2.830000	-0.206105	-0.026180	0.000000	-0.748405	-0.000379	0.001125	0.001010	0.000000	0.000000	0.001019	0.010016	0.002204
2.841000	-0.205503	-0.017453	1.000000	1.664907	0.000280	0.009230	0.000001	0.000000	0.000000	0.000009	0.014381	-0.001854
2.851000	-0.204939	-0.012467	1.000000	1.288936	0.000273	0.009976	0.000000	0.000000	0.000000	0.000008	0.016430	0.002822
2.860000	-0.204350	-0.012467	0.000000	1.295309	-0.000248	0.006108	0.001010	0.000000	0.000000	0.001018	0.016430	0.002822
2.870000	-0.203762	-0.012467	0.000000	-1.172884	-0.000634	0.005390	0.001010	0.000000	0.000000	0.001018	0.016430	0.002822
2.881000	-0.203148	-0.012467	0.000000	-0.700927	-0.000998	0.004796	0.001011	0.000000	0.000000	0.001019	0.016430	0.002822
2.891000	-0.202633	-0.012467	0.000000	-1.185223	-0.001345	0.004308	0.001011	0.000000	0.000000	0.001019	0.016430	0.002822
2.900000	-0.202155	-0.012467	0.000000	1.292766	-0.001679	0.003909	0.001011	0.000000	0.000000	0.001020	0.016430	0.002822
2.910000	-0.201713	-0.012467	1.000000	0.802947	0.001222	0.003584	0.000001	0.000000	0.000000	0.000010	-0.006118	0.014049
2.921000	-0.201198	-0.017453	1.000000	0.470650	0.000458	-0.003351	0.000001	0.000000	0.000000	0.000008	0.000816	0.009221
2.931000	-0.200756	-0.012467	1.000000	-1.437381	0.000234	0.002566	0.000000	0.000000	0.000000	0.000008	-0.011501	0.007152
2.941000	-0.200315	-0.012467	0.000000	-0.906444	-0.000313	0.001614	0.001010	0.000000	0.000000	0.001018	-0.011501	0.007152
2.950000	-0.199849	-0.012467	0.000000	0.844095	-0.000773	0.001426	0.001010	0.000000	0.000000	0.001018	-0.011501	0.007152
2.960000	-0.199395	-0.010908	0.000000	0.481968	-0.001236	0.001270	0.001011	0.000000	0.000000	0.001018	-0.011501	0.007152
2.971000	-0.198892	-0.010908	0.000000	-0.550481	-0.001705	0.001140	0.001011	0.000000	0.000000	0.001019	-0.011501	0.007152
2.981000	-0.198450	-0.004987	1.000000	-1.759944	0.000127	0.008510	0.000001	0.000000	0.000000	0.000009	0.018314	-0.001632
2.990000	-0.198009	-0.008727	1.000000	1.592546	0.000024	0.001114	0.000000	0.000000	0.000000	0.000008	0.006702	-0.001642
3.000000	-0.197591	-0.008727	0.000000	-0.829645	-0.000432	0.000536	0.001010	0.000000	0.000000	0.001018	0.006702	-0.001642
3.011000	-0.197138	-0.014960	1.000000	1.350009	0.000009	-0.005847	0.000000	0.000000	0.000000	0.000008	0.006133	0.010400
3.021000	-0.196733	-0.014960	0.000000	-1.175614	-0.000431	-0.004048	0.001010	0.000000	0.000000	0.001018	0.006133	0.010400
3.030000	-0.196340	-0.012467	0.000000	0.922745	-0.000873	-0.004004	0.001010	0.000000	0.000000	0.001018	0.006133	0.010400
3.040000	-0.195948	-0.004987	1.000000	-0.583035	-0.000135	0.006024	0.000001	0.000000	0.000000	0.000008	0.012081	0.002020
3.051000	-0.195518	-0.004987	0.000000	1.265489	-0.000496	0.003938	0.001010	0.000000	0.000000	0.001018	0.012081	0.002020
3.061000	-0.195101	-0.004987	0.000000	-1.265377	-0.000921	0.003905	0.001011	0.000000	0.000000	0.001018	0.012081	0.002020
3.070000	-0.194684	-0.004987	0.000000	0.653948	-0.001343	0.003909	0.001011	0.000000	0.000000	0.001019	0.012081	0.002020
3.080000	-0.194255	-0.004987	0.000000	-0.638498	-0.001764	0.003941	0.001011	0.000000	0.000000	0.001019	0.012081	0.002020
3.091000	-0.193777	-0.004987	0.000000	-0.702910	-0.002186	0.003993	0.001011	0.000000	0.000000	0.001020	0.012081	0.002020
3.101000	-0.193372	-0.004987	0.000000	1.250035	-0.002611	0.004060	0.001011	0.000000	0.000000	0.001021	0.012081	0.002020
3.110000	-0.192979	-0.004987	0.000000	-1.361927	-0.003040	0.004136	0.001011	0.000000	0.000000	0.001022	0.012081	0.002020
3.120000	-0.192587	-0.008727	1.000000	-0.875664	-0.000112	0.000475	0.000001	0.000000	0.000000	0.000013	-0.017116	-0.016725
3.131000	-0.192157	-0.012467	1.000000	-1.029809	-0.000024	-0.003435	0.000001	0.000000	0.000000	0.000009	0.000967	0.012667
3.141000	-0.191777	-0.012467	0.000000	0.348516	-0.000461	-0.001910	0.001010	0.000000	0.000000	0.001018	0.000967	0.012667
3.150000	-0.191372	-0.008727	1.000000	2.427616	-0.000144	0.001991	0.000000	0.000000	0.000000	0.000009	0.008324	0.012299
3.160000	-0.190955	-0.004987	1.000000	-1.588430	-0.000133	0.005133	0.000000	0.000000	0.000000	0.000008	-0.006654	-0.000511
3.171000	-0.190477	-0.004987	0.000000	-0.484436	-0.000545	0.003663	0.001010	0.000000	0.000000	0.001018	-0.006654	-0.000511
3.181000	-0.190011	-0.008727	1.000000	-0.837121	-0.000064	-0.000055	0.000000	0.000000	0.000000	0.000008	0.011281	-0.000416
3.191000	-0.189545	-0.012467	1.000000	0.960701	-0.000033	-0.003729	0.000000	0.000000	0.000000	0.000007	0.001335	0.007224
3.200000	-0.189054	-0.012467	0.000000	-0.415122	-0.000493	-0.002682	0.001010	0.000000	0.000000	0.001017	0.001335	0.007224
3.210000	-0.188563	-0.004987	1.000000	1.288105	0.000002	0.004913	0.000000	0.000000	0.000000	0.000008	0.007308	0.007562
3.221000	-0.188036	-0.004987	0.000000	0.638081	-0.000487	0.003667	0.001010	0.000000	0.000000	0.001017	0.007308	0.007562
3.231000	-0.187570	-0.004987	0.000000	0.515721	-0.000978	0.003696	0.001010	0.000000	0.000000	0.001018	0.007308	0.007562
3.240000	-0.187103	-0.012467	1.000000	-0.144885	-0.000014	-0.003744	0.000001	0.000000	0.000000	0.000008	0.008725	0.000464
3.250000	-0.186625	-0.012467	0.000000	-0.950123	-0.000519	-0.002486	0.001010	0.000000	0.000000	0.001018	0.008725	0.000464
3.261000	-0.186110	-0.004987	1.000000	-0.267668	-0.000055	0.005104	0.000001	0.000000	0.000000	0.000008	-0.004830	0.010688
3.271000	-0.185607	-0.008727	1.000000	-0.215203	-0.000053	-0.000168	0.000000	0.000000	0.000000	0.000008	-0.012226	-0.007720
3.280000	-0.185092	-0.008727	0.000000	0.592186	-0.000561	-0.000116	0.001010	0.000000	0.000000	0.001017	-0.012226	-0.007720
3.290000	-0.184552	-0.012467	1.000000	-0.107690	-0.000039	-0.003836	0.000000	0.000000	0.000000	0.000008	0.009906	-0.001043
3.301000	-0.183926	-0.004987	1.000000	0.155876	0.000055	0.004762	0.000000	0.000000	0.000000	0.000007	-0.004105	-0.001399
3.311000	-0.183362	-0.004987	0.000000	-0.471270	-0.000521	0.003620	0.001010	0.000000	0.000000	0.001017	-0.004105	-0.001399
3.320000	-0.182798	-0.008727	1.000000	-0.051255	0.000046	-0.000119	0.000000	0.000000	0.000000	0.000007	0.007003	0.002325
3.330000	-0.182258	-0.008727	0.000000	-0.359497	-0.000546	-0.000077	0.001010	0.000000	0.000000	0.001017	0.007003	0.002325
3.341000	-0.181645	-0.004987	1.000000	0.637891	0.000026	0.003677	0.000000	0.000000	0.000000	0.000008	-0.014078	-0.005910
3.351000	-0.181081	-0.008727	1.000000	0.354715	-0.000004	-0.001084	0.000000	0.000000	0.000000	0.000007	0.011675	-0.009552
3.360000	-0.180516	-0.008727	0.000000	0.034807	-0.000589	-0.000841	0.001010	0.000000	0.000000	0.001017	0.011675	-0.009552
3.370000	-0.179940	-0.004987	1.000000	-1.475496	-0.000039	0.002896	0.000000	0.000000	0.000000	0.000007	0.003339	-0.001892
3.381000	-0.179290	-0.008727	1.000000	-2.126736	0.000039	-0.001621	0.000000	0.000000	0.000000	0.000007	-0.007016	0.009934
3.391000	-0.178676	-0.008727	0.000000	-0.261952	-0.000569	-0.001250	0.001010	0.000000	0.000000	0.001017	-0.007016	0.009934
3.400000	-0.178051	-0.004987	1.000000	-1.176553	0.000070	0.002498	0.000000	0.000000	0.000000	0.000007	0.002309	-0.008497
3.410000	-0.177450	-0.004987	0.000000	-0.146921	-0.000563	0.001852	0.001010	0.000000	0.000000	0.001017	0.002309	-0.008497
3.421000	-0.176812	-0.004987	0.000000	1.230656	-0.001170	0.001834	0.001010	0.000000	0.000000	0.001018	0.002309	-0.008497
3.431000	-0.176235	-0.004987	0.000000	0.632743	-0.001779	0.001827	0.001011	0.000000	0.000000	0.001018	0.002309	-0.008497
3.441000	-0.175646	-0.004987	0.000000	0.146869	-0.002392	0.001828	0.001011	0.000000	0.000000	0.001019	0.002309	-0.008497
3.450000	-0.175045	-0.008727	1.000000	-1.127317	-0.000005	-0.001908	0.000001	0.000000	0.000000	0.000009	0.005406	0.010091
3.460000	-0.174444	-0.010908	0.000000	0.552720	-0.000633	-0.001133	0.001011	0.000000	0.000000	0.001018	0.005406	0.010091
3.471000	-0.173745	-0.010908	0.000000	-1.725225	-0.001276	-0.001087	0.001011	0.000000	0.000000	0.001019	0.005406	0.010091
3.481000	-0.173083	-0.004987	1.000000	-1.600778	0.000031	0.002684	0.000001	0.000000	0.000000	0.000009	0.004039	0.017781
3.490000	-0.172433	-0.008727	1.000000	0.634488	0.000002	-0.002136	0.000000	0.000000	0.000000	0.000008	0.002947	-0.000103
3.500000	-0.171795	-0.008727	0.000000	0.733490	-0.000670	-0.001475	0.001010	0.000000	0.000000	0.001018	0.002947	-0.000103
3.511000	-0.171095	-0.004987	1.000000	-0.921753	-0.000014	0.002260	0.000000	0.000000	0.000000	0.000008	0.011453	0.020963
3.521000	-0.170470	-0.004987	0.000000	0.783197	-0.000692	0.001522	0.001010	0.000000	0.000000	0.001018	0.011453	0.020963
3.530000	-0.169820	-0.004987	0.000000	0.643670	-0.001380	0.001468	0.001010	0.000000	0.000000	0.001018	0.011453	0.020963
3.540000	-0.169133	-0.008727	1.000000	0.167827	-0.000110	-0.002322	0.000001	0.000000	0.000000	0.000008	0.002344	0.007419
3.551000	-0.168335	-0.008727	0.000000	0.769121	-0.000750	-0.001547	0.001010	0.000000	0.000000	0.001018	0.002344	0.007419
3.561000	-0.167649	-0.008727	0.000000	1.788878	-0.001459	-0.001556	0.001011	0.000000	0.000000	0.001018	0.002344	0.007419
3.570000	-0.166949	-0.008727	0.000000	-3.424987	-0.002180	-0.001578	0.001011	0.000000	0.000000	0.001019	0.002344	0.007419
3.580000	-0.166250	-0.008727	0.000000	-0.125981	-0.002912	-0.001612	0.001011	0.000000	0.000000	0.001019	0.002344	0.007419
3.591000	-0.165477	-0.008727	1.000000	-0.777172	0.000002	-0.001657	0.000001	0.000000	0.000000	0.000010	0.009755	-0.006491
3.601000	-0.164766	-0.004987	1.000000	0.118202	-0.000049	0.002782	0.000001	0.000000	0.000000	0.000008	0.000627	0.001199
3.610000	-0.164042	-0.004987	0.000000	-0.433426	-0.000792	0.001745	0.001010	0.000000	0.000000	0.001018	0.000627	0.001199
3.620000	-0.163269	-0.004987	0.000000	0.096246	-0.001565	0.001636	0.001010	0.000000	0.000000	0.001018	0.000627	0.001199
3.631000	-0.162398	-0.004987	0.000000	-0.316958	-0.002345	0.001523	0.001011	0.000000	0.000000	0.001019	0.000627	0.001199
3.641000	-0.161638	-0.004987	0.000000	2.187050	-0.003133	0.001406	0.001011	0.000000	0.000000	0.001019	0.000627	0.001199
3.650000	-0.160890	-0.004987	1.000000	-0.697730	-0.000050	0.001285	0.000001	0.000000	0.000000	0.000010	0.017263	-0.000854
3.660000	-0.160154	-0.008727	1.000000	-1.010565	-0.000074	-0.003163	0.000000	0.000000	0.000000	0.000008	0.001251	-0.005574
3.671000	-0.159283	-0.008727	0.000000	0.494891	-0.000841	-0.002184	0.001010	0.000000	0.000000	0.001018	0.001251	-0.005574
3.681000	-0.158485	-0.008727	0.000000	-1.124572	-0.001653	-0.002274	0.001010	0.000000	0.000000	0.001018	0.001251	-0.005574
3.691000	-0.157651	-0.008727	0.000000	-1.235175	-0.002475	-0.002377	0.001011	0.000000	0.000000	0.001019	0.001251	-0.005574
3.700000	-0.156817	-0.008727	1.000000	-0.374770	0.000029	-0.002489	0.000001	0.000000	0.000000	0.000009	0.017575	-0.010238
3.710000	-0.156032	-0.014960	1.000000	-0.931183	-0.000057	-0.007822	0.000000	0.000000	0.000000	0.000008	-0.014391	0.004984
3.721000	-0.155137	-0.014960	0.000000	-1.243734	-0.000922	-0.005338	0.001010	0.000000	0.000000	0.001018	-0.014391	0.004984
3.731000	-0.154290	-0.012467	0.000000	3.870252	-0.001846	-0.005371	0.001010	0.000000	0.000000	0.001018	-0.014391	0.004984
3.740000	-0.153407	-0.004987	1.000000	-0.313298	-0.000177	0.004504	0.000001	0.000000	0.000000	0.000008	0.013538	-0.002904
3.750000	-0.152462	-0.004987	0.000000	-0.937661	-0.001042	0.002718	0.001010	0.000000	0.000000	0.001018	0.013538	-0.002904
3.761000	-0.151432	-0.010908	1.000000	0.802328	-0.000036	-0.003484	0.000001	0.000000	0.000000	0.000008	0.007609	0.005423
3.771000	-0.150487	-0.008727	0.000000	0.294006	-0.001006	-0.002593	0.001010	0.000000	0.000000	0.001018	0.007609	0.005423
3.780000	-0.149531	-0.008727	0.000000	2.176666	-0.002011	-0.002841	0.001011	0.000000	0.000000	0.001018	0.007609	0.005423
3.790000	-0.148537	0.000000	1.000000	0.907211	-0.000139	0.007792	0.000001	0.000000	0.000000	0.000009	0.002093	0.008950
3.801000	-0.147409	-0.008727	1.000000	-0.294048	0.000063	-0.004086	0.000000	0.000000	0.000000	0.000008	0.005881	-0.000440
3.811000	-0.146366	-0.008727	0.000000	-0.833974	-0.000971	-0.003266	0.001010	0.000000	0.000000	0.001018	0.005881	-0.000440
3.820000	-0.145360	-0.004987	1.000000	0.515536	0.000069	0.000138	0.000000	0.000000	0.000000	0.000008	-0.001121	-0.009702
3.830000	-0.144342	-0.008727	1.000000	-0.091000	0.000042	-0.003976	0.000000	0.000000	0.000000	0.000007	0.003647	-0.005033
3.841000	-0.143189	-0.008727	0.000000	-0.530330	-0.001002	-0.003243	0.001010	0.000000	0.000000	0.001017	0.003647	-0.005033
3.851000	-0.142146	-0.004987	1.000000	0.226164	0.000156	0.000224	0.000000	0.000000	0.000000	0.000008	-0.004569	-0.009509
3.860000	-0.141067	-0.004987	0.000000	-0.904663	-0.000965	-0.000128	0.001010	0.000000	0.000000	0.001017	-0.004569	-0.009509
3.870000	-0.140049	0.000000	1.000000	1.733620	0.000069	0.004557	0.000000	0.000000	0.000000	0.000008	0.002804	0.007297
3.881000	-0.138895	0.000000	0.000000	0.216817	-0.001024	0.002947	0.001010	0.000000	0.000000	0.001018	0.002804	0.007297
3.891000	-0.137816	0.000000	0.000000	0.389185	-0.002082	0.002578	0.001011	0.000000	0.000000	0.001018	0.002804	0.007297
3.900000	-0.136724	-0.003491	1.000000	1.190480	0.000189	-0.001261	0.000001	0.000000	0.000000	0.000008	0.010314	-0.012244
3.910000	-0.135669	-0.004987	0.000000	-0.469522	-0.000979	-0.001168	0.001010	0.000000	0.000000	0.001018	0.010314	-0.012244
3.921000	-0.134529	-0.004987	0.000000	-0.466408	-0.002047	-0.001459	0.001011	0.000000	0.000000	0.001018	0.010314	-0.012244
3.931000	-0.133498	0.000000	1.000000	-1.181939	0.000112	0.001748	0.000001	0.000000	0.000000	0.000009	-0.005198	-0.004143
3.941000	-0.132419	0.000000	0.000000	0.349575	-0.001021	0.000829	0.001010	0.000000	0.000000	0.001018	-0.005198	-0.004143
3.950000	-0.131364	0.000000	0.000000	-1.313920	-0.002085	0.000528	0.001011	0.000000	0.000000	0.001018	-0.005198	-0.004143
3.960000	-0.130284	-0.003491	1.000000	-0.276314	0.000070	-0.003246	0.000001	0.000000	0.000000	0.000009	-0.009133	-0.015135
3.971000	-0.129168	-0.003491	0.000000	-0.219960	-0.001040	-0.002262	0.001010	0.000000	0.000000	0.001018	-0.009133	-0.015135
3.981000	-0.128138	0.000000	1.000000	-0.327561	0.000031	0.001026	0.000001	0.000000	0.000000	0.000008	0.003183	0.004646
3.990000	-0.127083	0.000000	0.000000	1.341541	-0.001063	0.000443	0.001010	0.000000	0.000000	0.001018	0.003183	0.004646
4.000000	-0.126040	0.000000	0.000000	-3.166621	-0.002143	0.000202	0.001011	0.000000	0.000000	0.001018	0.003183	0.004646
4.011000	-0.124899	0.000000	1.000000	-0.824817	0.129130	-0.007904	0.000001	0.000000	0.000000	0.000009	-0.004213	0.007866
4.021000	-0.123857	0.000000	1.000000	-0.158706	0.042924	0.010479	0.000000	0.000000	0.000000	0.000008	0.001274	-0.008731
4.030000	-0.122716	0.000000	1.000000	0.838843	-0.010547	-0.012225	0.000000	0.000000	0.000000	0.000008	0.023003	0.008099
4.040000	-0.121305	0.000000	1.000000	0.586424	0.004656	-0.008645	0.000000	0.000000	0.000000	0.000007	-0.002213	0.003715
4.051000	-0.119355	0.004987	1.000000	-0.631985	-0.007427	-0.008626	0.000000	0.000000	0.000000	0.000007	-0.006033	0.000744
4.061000	-0.117147	0.004987	1.000000	1.680157	-0.026562	-0.026473	0.000000	0.000000	0.000000	0.000007	0.001120	0.014662
4.070000	-0.114558	0.004987	1.000000	-0.641509	-0.034362	-0.022357	0.000000	0.000000	0.000000	0.000007	0.003869	0.009790
4.080000	-0.111663	0.004987	1.000000	-0.450246	-0.007081	-0.010199	0.000000	0.000000	0.000000	0.000007	-0.024502	-0.004224
4.091000	-0.108180	0.010472	1.000000	-0.774401	-0.042104	-0.025845	0.000000	0.000000	0.000000	0.000007	0.001529	0.007079
4.101000	-0.104880	0.004987	1.000000	-1.020853	-0.037315	-0.018646	0.000000	0.000000	0.000000	0.000007	0.000487	-0.001334
4.110000	-0.101568	0.004987	1.000000	-0.294066	-0.045546	-0.035792	0.000000	0.000000	0.000000	0.000007	0.013105	0.013756
4.120000	-0.098182	0.010472	1.000000	-1.474678	-0.004328	-0.018086	0.000000	0.000000	0.000000	0.000007	-0.018716	-0.002105
4.131000	-0.094551	0.034907	1.000000	-0.575555	-0.015866	-0.027706	0.000000	0.000000	0.000000	0.000007	-0.009728	0.006955
4.141000	-0.091350	0.034907	1.000000	-0.673871	-0.028249	-0.016161	0.000000	0.000000	0.000000	0.000007	0.004494	-0.002750
4.150000	-0.088308	0.034907	1.000000	0.566413	-0.008085	-0.013957	0.000000	0.000000	0.000000	0.000007	-0.008531	-0.004428
4.160000	-0.085462	0.052360	1.000000	-1.097684	-0.025761	-0.021049	0.000000	0.000000	0.000000	0.000007	0.010849	0.003439
4.171000	-0.082420	0.052360	1.000000	-1.323720	-0.001488	-0.012762	0.000000	0.000000	0.000000	0.000007	-0.005001	-0.002133
4.181000	-0.079819	0.065450	1.000000	0.097022	-0.013396	-0.015614	0.000000	0.000000	0.000000	0.000007	0.008337	0.002600
4.191000	-0.077366	0.065450	1.000000	1.745445	-0.007929	-0.011809	0.000000	0.000000	0.000000	0.000007	0.008619	0.001710
4.200000	-0.075035	0.063995	1.000000	-0.536816	0.015432	-0.003769	0.000000	0.000000	0.000000	0.000007	-0.010108	-0.003593
4.210000	-0.072864	0.075631	1.000000	1.106473	0.010493	-0.010909	0.000000	0.000000	0.000000	0.000007	-0.008191	0.005132
4.221000	-0.070546	0.075631	1.000000	-0.647264	-0.005568	-0.010603	0.000000	0.000000	0.000000	0.000007	0.005750	0.007754
4.231000	-0.068473	0.069813	1.000000	1.490251	-0.000711	0.012541	0.000000	0.000000	0.000000	0.000007	0.003775	-0.012426
4.240000	-0.066449	0.078540	1.000000	-1.443403	0.004754	0.000958	0.000000	0.000000	0.000000	0.000007	-0.000205	-0.001978
4.250000	-0.064437	0.078540	1.000000	-1.630903	0.008500	-0.000367	0.000000	0.000000	0.000000	0.000007	-0.004336	0.000107
4.261000	-0.062143	0.087266	1.000000	0.726150	0.000036	-0.002819	0.000000	0.000000	0.000000	0.000007	0.002166	0.003460
4.271000	-0.060070	0.087266	1.000000	1.352576	0.009975	-0.000615	0.000000	0.000000	0.000000	0.000007	-0.007277	0.002498
4.280000	-0.057960	0.087266	1.000000	0.018290	-0.009295	0.006906	0.000000	0.000000	0.000000	0.000007	0.008983	-0.004297
4.290000	-0.055838	0.087266	1.000000	0.354001	0.000513	-0.007024	0.000000	0.000000	0.000000	0.000007	0.002311	0.008902
4.301000	-0.053458	0.095993	1.000000	-1.386394	0.008686	-0.003010	0.000000	0.000000	0.000000	0.000007	-0.005679	0.006525
4.311000	-0.051275	0.095993	1.000000	0.066070	0.014589	0.009408	0.000000	0.000000	0.000000	0.000007	-0.014310	-0.005012
4.320000	-0.049018	0.095993	1.000000	-0.298060	-0.002469	0.012316	0.000000	0.000000	0.000000	0.000007	-0.002537	-0.009444
4.330000	-0.046699	0.095993	1.000000	-0.130971	-0.011955	-0.008931	0.000000	0.000000	0.000000	0.000007	0.006793	0.009479
4.341000	-0.044111	0.113446	1.000000	0.989613	0.010575	-0.004191	0.000000	0.000000	0.000000	0.000007	-0.012491	0.006057
4.351000	-0.041768	0.113446	1.000000	-0.287668	-0.026337	0.002821	0.000000	0.000000	0.000000	0.000007	0.020433	-0.000454
4.360000	-0.039364	0.113446	1.000000	1.854621	0.012622	0.010846	0.000000	0.000000	0.000000	0.000007	-0.010236	-0.009155
4.370000	-0.036935	0.122173	1.000000	0.110868	-0.007722	-0.005157	0.000000	0.000000	0.000000	0.000007	0.006273	0.004744
4.381000	-0.034273	0.130900	1.000000	0.761850	-0.012736	0.004027	0.000000	0.000000	0.000000	0.000007	0.013878	-0.003721
4.391000	-0.031857	0.130900	1.000000	0.050944	0.000197	0.010811	0.000000	0.000000	0.000000	0.000007	0.005730	-0.011228
4.400000	-0.029538	0.139626	1.000000	0.919984	-0.004974	0.005744	0.000000	0.000000	0.000000	0.000007	0.011929	-0.007981
4.410000	-0.027207	0.139626	1.000000	-0.220154	0.010709	-0.003675	0.000000	0.000000	0.000000	0.000007	-0.000863	0.000606
4.421000	-0.024705	0.139626	1.000000	-0.560167	0.007556	-0.020944	0.000000	0.000000	0.000000	0.000007	0.000040	0.018814
4.431000	-0.022509	0.157080	1.000000	1.129537	-0.001851	-0.015048	0.000000	0.000000	0.000000	0.000007	0.007715	0.017036
4.441000	-0.020338	0.157080	1.000000	-0.263509	0.011761	-0.001756	0.000000	0.000000	0.000000	0.000007	-0.004805	0.006997
4.450000	-0.018179	0.157080	1.000000	2.291256	-0.013021	0.010371	0.000000	0.000000	0.000000	0.000007	0.016375	-0.004249
4.460000	-0.016020	0.174533	1.000000	0.236384	0.021656	0.021610	0.000000	0.000000	0.000000	0.000007	-0.013938	-0.016877
4.471000	-0.013542	0.174533	1.000000	0.726016	-0.008662	0.002212	0.000000	0.000000	0.000000	0.000007	0.009369	-0.001141
4.481000	-0.011273	0.174533	1.000000	1.079158	0.025967	-0.005900	0.000000	0.000000	0.000000	0.000007	-0.022881	0.006477
4.490000	-0.008942	0.186168	1.000000	-1.036939	-0.004311	-0.011022	0.000000	0.000000	0.000000	0.000007	-0.001849	0.012393
4.500000	-0.006612	0.186168	1.000000	0.069269	-0.031510	0.003326	0.000000	0.000000	0.000000	0.000007	0.025186	-0.000357
4.511000	-0.004048	0.191986	1.000000	-1.328411	0.008534	0.008174	0.000000	0.000000	0.000000	0.000007	-0.005356	-0.006060
4.521000	-0.001631	0.213803	1.000000	0.148949	-0.003815	-0.000612	0.000000	0.000000	0.000000	0.000007	0.004254	0.000997
4.530000	0.000810	0.213803	1.000000	-1.654564	0.009076	0.008094	0.000000	0.000000	0.000000	0.000007	-0.007513	-0.007901
4.540000	0.003202	0.216421	1.000000	0.725925	-0.001544	0.006820	0.000000	0.000000	0.000000	0.000007	-0.000028	-0.008354
4.551000	0.005827	0.237365	1.000000	-1.377033	0.002323	-0.007388	0.000000	0.000000	0.000000	0.000007	-0.003791	0.004291
4.561000	0.008157	0.237365	1.000000	0.538972	0.014426	-0.006840	0.000000	0.000000	0.000000	0.000007	-0.017045	0.004689
4.570000	0.010537	0.253073	1.000000	1.070082	-0.004527	0.008076	0.000000	0.000000	0.000000	0.000007	-0.003598	-0.009356
4.580000	0.012941	0.253073	1.000000	-1.345151	-0.012787	0.000556	0.000000	0.000000	0.000000	0.000007	0.004972	-0.003647
4.591000	0.015554	0.258309	1.000000	0.179324	-0.002071	-0.013037	0.000000	0.000000	0.000000	0.000007	-0.002314	0.009418
4.601000	0.017958	0.275762	1.000000	-0.528256	0.001813	-0.003219	0.000000	0.000000	0.000000	0.000007	-0.005818	0.001573
4.610000	0.020350	0.275762	1.000000	-0.292577	0.002310	0.002922	0.000000	0.000000	0.000000	0.000007	-0.007176	-0.004183
4.620000	0.022718	0.296706	1.000000	-0.921298	-0.005929	-0.007744	0.000000	0.000000	0.000000	0.000007	-0.000064	0.005787
4.631000	0.025343	0.314159	1.000000	-1.890128	0.008115	-0.031875	0.000000	0.000000	0.000000	0.000007	-0.012500	0.031115
4.641000	0.027661	0.314159	1.000000	0.768273	-0.005886	-0.002585	0.000000	0.000000	0.000000	0.000007	-0.001526	0.007389
4.650000	0.030053	0.331613	1.000000	-2.453669	0.009742	0.011406	0.000000	0.000000	0.000000	0.000007	-0.015800	-0.006049
4.660000	0.032470	0.357792	1.000000	0.508112	-0.016051	0.002596	0.000000	0.000000	0.000000	0.000007	0.006184	0.000663
4.671000	0.035193	0.357792	1.000000	0.399071	-0.009705	-0.010410	0.000000	0.000000	0.000000	0.000007	0.004467	0.012965
4.681000	0.037708	0.366519	1.000000	0.143334	-0.009855	0.008086	0.000000	0.000000	0.000000	0.000007	0.007878	-0.003873
4.691000	0.040259	0.366519	1.000000	0.094196	0.002637	0.000870	0.000000	0.000000	0.000000	0.000007	-0.000757	0.001909
4.700000	0.042737	0.388959	1.000000	-0.109358	0.006419	-0.000642	0.000000	0.000000	0.000000	0.000007	-0.004471	0.003301
4.710000	0.045239	0.418879	1.000000	1.112809	0.013654	0.004251	0.000000	0.000000	0.000000	0.000007	-0.013071	-0.001389
4.721000	0.047963	0.418879	1.000000	0.656452	0.001609	-0.003655	0.000000	0.000000	0.000000	0.000007	-0.005245	0.005817
4.731000	0.050416	0.445059	1.000000	-1.284913	-0.010587	-0.007353	0.000000	0.000000	0.000000	0.000007	0.006177	0.010119
4.740000	0.052882	0.479966	1.000000	-0.001125	-0.007349	0.008799	0.000000	0.000000	0.000000	0.000007	0.006296	-0.004736
4.750000	0.055310	0.479966	1.000000	1.349275	0.006091	0.011593	0.000000	0.000000	0.000000	0.000007	-0.004341	-0.009010
4.761000	0.058058	0.506145	1.000000	-0.570964	0.003775	0.012856	0.000000	0.000000	0.000000	0.000007	-0.003476	-0.012314
4.771000	0.060536	0.541052	1.000000	-0.595198	0.008356	-0.005805	0.000000	0.000000	0.000000	0.000007	-0.008982	0.003991
4.780000	0.063014	0.541052	1.000000	-0.523842	0.003644	-0.001351	0.000000	0.000000	0.000000	0.000007	-0.006978	0.000405
4.790000	0.065455	0.584685	1.000000	0.457833	-0.016235	0.003753	0.000000	0.000000	0.000000	0.000007	0.011385	-0.004585
4.801000	0.068092	0.619592	1.000000	-2.075893	0.015908	-0.005949	0.000000	0.000000	0.000000	0.000007	-0.015541	0.004381
4.811000	0.070533	0.619592	1.000000	0.835041	-0.010148	-0.004314	0.000000	0.000000	0.000000	0.000007	0.005415	0.003714
4.820000	0.072962	0.683587	1.000000	0.185755	-0.004281	-0.013622	0.000000	0.000000	0.000000	0.000007	0.002658	0.013770
4.830000	0.075391	0.683587	1.000000	0.950884	-0.001643	0.024416	0.000000	0.000000	0.000000	0.000007	0.001609	-0.021775
4.841000	0.078065	0.718758	1.000000	-0.017060	-0.018607	0.004049	0.000000	0.000000	0.000000	0.000007	0.019502	-0.005564
4.851000	0.080457	0.767945	1.000000	-1.552325	0.007519	-0.008596	0.000000	0.000000	0.000000	0.000007	0.000351	0.006466
4.860000	0.082861	0.767945	1.000000	2.507249	0.010207	0.002458	0.000000	0.000000	0.000000	0.000007	-0.003420	-0.002807
